5.000000000000000971e-02,3.149168439116162982e-02
5.617246720102575530e-02,3.744721474805445122e-02
6.310692142900625745e-02,4.441028289871632589e-02
7.089742948257125865e-02,5.253591456905230134e-02
7.964967064493538862e-02,6.199949539008092758e-02
8.948237023750268970e-02,7.299694956340635477e-02
1.005289101447232603e-01,8.574327981991228254e-02
1.129391381571866332e-01,1.004687961299057103e-01
1.268814006769335978e-01,1.174123861100526967e-01
1.425448263589051412e-01,1.368113407487683564e-01
1.601418916664301417e-01,1.588875719032502298e-01
1.799113031428553333e-01,1.838305413327330495e-01
2.021212354977167946e-01,2.117778227568364313e-01
2.270729694325258896e-01,2.427948520673606780e-01
2.551049785537616854e-01,2.768559636086598830e-01
2.865975208125910445e-01,3.138291253847968476e-01
3.219777967548111963e-01,3.534667549973228295e-01
3.617257445533632598e-01,3.954045579708547198e-01
4.063805504338082186e-01,4.391695010033227486e-01
4.565479628075576612e-01,4.841969269369250650e-01
5.129085093300529419e-01,5.298556238508462801e-01
5.762267283493881509e-01,5.754786004591001536e-01
6.473615399712076002e-01,6.203965970731805113e-01
7.272778974247632311e-01,6.608621197744981579e-01
8.170598767824696074e-01,6.985206889361395000e-01
9.179253825967482738e-01,7.350245497104164194e-01
1.031242668938096685e+00,7.698433061244593922e-01
1.158548899944469746e+00,8.025185070527164344e-01
1.301571001658303750e+00,8.326828919189022127e-01
1.462249088009145437e+00,8.600727094732615319e-01
1.642762778718470651e+00,8.845325676294037986e-01
1.845560766132583463e+00,9.060130154117237433e-01
2.073394032061649739e+00,9.245617173747480155e-01
2.329353165215711119e+00,9.403095856696362942e-01
2.616910285453700080e+00,9.534535415357758836e-01
2.939966143553497613e+00,9.642376728819477272e-01
3.302903035417698696e+00,9.729344530041131867e-01
3.710644248503383036e+00,9.798274258238298673e-01
4.168720846874620634e+00,9.851963987901857234e-01
4.683346700825936182e+00,9.893057747796312196e-01
5.261502778863538232e+00,9.923962544245475970e-01
5.911031845476362179e+00,9.946797949564238905e-01
6.640744849284789808e+00,9.963374501867278132e-01
7.460540444736607490e+00,9.975195512831440681e-01
8.381539268677865806e+00,9.983476169316799487e-01
9.416234793278331239e+00,9.989173900991782373e-01
1.057866280165168682e+01,9.993024657975467795e-01
1.188459178512981573e+01,9.995580766728240363e-01
1.335173684495568658e+01,9.997247192965588169e-01
1.500000000000000000e+01,9.998314164816364258e-01
