5.000000000000000971e-02,2.060316553159437063e-03
5.617246720102575530e-02,2.461369475713133959e-03
6.310692142900625745e-02,2.924276930255043094e-03
7.089742948257125865e-02,3.456731716693288263e-03
7.964967064493538862e-02,4.069164671473226962e-03
8.948237023750268970e-02,4.777909505475935736e-03
1.005289101447232603e-01,5.611387010546329233e-03
1.129391381571866332e-01,6.621312127517014166e-03
1.268814006769335978e-01,7.901522707394539879e-03
1.425448263589051412e-01,9.617162688709858520e-03
1.601418916664301417e-01,1.204599334854761054e-02
1.799113031428553333e-01,1.563082124613426535e-02
2.021212354977167946e-01,2.103693463389178647e-02
2.270729694325258896e-01,2.920134243902874210e-02
2.551049785537616854e-01,4.135317408315407339e-02
2.865975208125910445e-01,5.898001174271899627e-02
3.219777967548111963e-01,8.371725305445776311e-02
3.617257445533632598e-01,1.171501260013835255e-01
4.063805504338082186e-01,1.605409381866295393e-01
4.565479628075576612e-01,2.145229407880329120e-01
5.129085093300529419e-01,2.788274420653815144e-01
5.762267283493881509e-01,3.521211053237734978e-01
6.473615399712076002e-01,4.320171854378815901e-01
7.272778974247632311e-01,5.152871243792935818e-01
8.170598767824696074e-01,5.982149572490658151e-01
9.179253825967482738e-01,6.771312193561458415e-01
1.031242668938096685e+00,7.489440045023373349e-01
1.158548899944469746e+00,8.113945468811367689e-01
1.301571001658303750e+00,8.632928253836936738e-01
1.462249088009145437e+00,9.045064217172885668e-01
1.642762778718470651e+00,9.357809659644261702e-01
1.845560766132583463e+00,9.584586539223822754e-01
2.073394032061649739e+00,9.741716751513069816e-01
2.329353165215711119e+00,9.845749583683954809e-01
2.616910285453700080e+00,9.911565062799714276e-01
2.939966143553497613e+00,9.951351022016361458e-01
3.302903035417698696e+00,9.974332239218118845e-01
3.710644248503383036e+00,9.987016196293488912e-01
4.168720846874620634e+00,9.993705362870518583e-01
4.683346700825936182e+00,9.997076074211166397e-01
5.261502778863538232e+00,9.998699005175162302e-01
5.911031845476362179e+00,9.999445632639346604e-01
6.640744849284789808e+00,9.999773825942959160e-01
7.460540444736607490e+00,9.999911665439162878e-01
8.381539268677865806e+00,9.999966979076894136e-01
9.416234793278331239e+00,9.999988187177598631e-01
1.057866280165168682e+01,9.999995956423571863e-01
1.188459178512981573e+01,9.999998675742616250e-01
1.335173684495568658e+01,9.999999585116501333e-01
1.500000000000000000e+01,9.999999875667799909e-01
