5.000000000000000971e-02,2.723336225020289107e-04
5.617246720102575530e-02,4.130977333340081210e-04
6.310692142900625745e-02,6.191054358294059874e-04
7.089742948257125865e-02,9.167423376704975872e-04
7.964967064493538862e-02,1.341259767080073100e-03
8.948237023750268970e-02,1.938987792842614783e-03
1.005289101447232603e-01,2.769804535109610544e-03
1.129391381571866332e-01,3.909778284174008148e-03
1.268814006769335978e-01,5.453849052867618466e-03
1.425448263589051412e-01,7.518360704109104328e-03
1.601418916664301417e-01,1.024319830666593767e-02
1.799113031428553333e-01,1.379323436114139254e-02
2.021212354977167946e-01,1.835875011791924388e-02
2.270729694325258896e-01,2.415448355499413835e-02
2.551049785537616854e-01,3.141697335633593380e-02
2.865975208125910445e-01,4.039992950982572439e-02
3.219777967548111963e-01,5.136748593688059833e-02
3.617257445533632598e-01,6.458543175228806388e-02
4.063805504338082186e-01,8.031099846453998437e-02
4.565479628075576612e-01,9.878265583813608530e-02
5.129085093300529419e-01,1.202124521685385417e-01
5.762267283493881509e-01,1.447833285910210543e-01
6.473615399712076002e-01,1.726496224023091330e-01
7.272778974247632311e-01,2.039292894155149694e-01
8.170598767824696074e-01,2.386683661943390655e-01
9.179253825967482738e-01,2.767686097343945439e-01
1.031242668938096685e+00,3.179058226308341117e-01
1.158548899944469746e+00,3.615018153620886965e-01
1.301571001658303750e+00,4.067979380681187029e-01
1.462249088009145437e+00,4.530045868631386585e-01
1.642762778718470651e+00,4.994354521918779044e-01
1.845560766132583463e+00,5.455497169535196145e-01
2.073394032061649739e+00,5.909052759782578157e-01
2.329353165215711119e+00,6.350874068237594150e-01
2.616910285453700080e+00,6.767871303446690856e-01
2.939966143553497613e+00,7.161158949963331022e-01
3.302903035417698696e+00,7.530559129872864688e-01
3.710644248503383036e+00,7.873102799990622236e-01
4.168720846874620634e+00,8.186631486669470048e-01
4.683346700825936182e+00,8.469867255753661395e-01
5.261502778863538232e+00,8.722399981453299311e-01
5.911031845476362179e+00,8.944619612081492477e-01
6.640744849284789808e+00,9.137612243671469070e-01
7.460540444736607490e+00,9.303033538118394841e-01
8.381539268677865806e+00,9.442970819950902150e-01
9.416234793278331239e+00,9.559803890961622308e-01
1.057866280165168682e+01,9.656073130546374284e-01
1.188459178512981573e+01,9.734361594231417669e-01
1.335173684495568658e+01,9.797195724416751794e-01
1.500000000000000000e+01,9.846967165406826927e-01
