5.000000000000000971e-02,1.235378807036319096e-04
5.617246720102575530e-02,1.572624422735944562e-04
6.310692142900625745e-02,1.988812020336851736e-04
7.089742948257125865e-02,2.502687170482276484e-04
7.964967064493538862e-02,3.141255401699189994e-04
8.948237023750268970e-02,3.946104726612153883e-04
1.005289101447232603e-01,4.984354967148263687e-04
1.129391381571866332e-01,6.366912633676028929e-04
1.268814006769335978e-01,8.277757951544984470e-04
1.425448263589051412e-01,1.101910166733045121e-03
1.601418916664301417e-01,1.507814457349086236e-03
1.799113031428553333e-01,2.122136641504811672e-03
2.021212354977167946e-01,3.062105314282049032e-03
2.270729694325258896e-01,4.501527297893191844e-03
2.551049785537616854e-01,6.689589938748356085e-03
2.865975208125910445e-01,9.970911232620619652e-03
3.219777967548111963e-01,1.480395289360636468e-02
3.617257445533632598e-01,2.177345438040340780e-02
4.063805504338082186e-01,3.159130904769714282e-02
4.565479628075576612e-01,4.507978264050141459e-02
5.129085093300529419e-01,6.313171711515880302e-02
5.762267283493881509e-01,8.664479854356996191e-02
6.473615399712076002e-01,1.164311916801256397e-01
7.272778974247632311e-01,1.531094256743390225e-01
8.170598767824696074e-01,1.969913276401041857e-01
9.179253825967482738e-01,2.479815439228726104e-01
1.031242668938096685e+00,3.055091410476076241e-01
1.158548899944469746e+00,3.685087015659007648e-01
1.301571001658303750e+00,4.354612294376117854e-01
1.462249088009145437e+00,5.044964976532004819e-01
1.642762778718470651e+00,5.735506449870109158e-01
1.845560766132583463e+00,6.405465803503730404e-01
2.073394032061649739e+00,7.035824838421441685e-01
2.329353165215711119e+00,7.610941489278242322e-01
2.616910285453700080e+00,8.119692954392987438e-01
2.939966143553497613e+00,8.556003263476130716e-01
3.302903035417698696e+00,8.918736996007092799e-01
3.710644248503383036e+00,9.211050868542037806e-01
4.168720846874620634e+00,9.439373802444033235e-01
4.683346700825936182e+00,9.612220372368083243e-01
5.261502778863538232e+00,9.739031725553862762e-01
5.911031845476362179e+00,9.829192765360498241e-01
6.640744849284789808e+00,9.891311462186046510e-01
7.460540444736607490e+00,9.932782931395829351e-01
8.381539268677865806e+00,9.959610588780412055e-01
9.416234793278331239e+00,9.976425954414311903e-01
1.057866280165168682e+01,9.986637826327668943e-01
1.188459178512981573e+01,9.992646328961529711e-01
1.335173684495568658e+01,9.996071453688838426e-01
1.500000000000000000e+01,9.997963030839472909e-01
