SA(0.6s),RES1,RES2,RES3,RES4,RES5,RES6,COM1,COM2,COM3,COM4,COM5,COM6,COM7,COM8,COM9,COM10,IND1,IND2,IND3,IND4,IND5,IND6
0.05000000000000001,0.05251074094758924,0.017503580144020762,0.07012236720869913,0.017503581132982896,0.017503581132982896,0.07012236720869913,0.026336406865840753,0.026336406857885093,0.026336406857885093,0.026282386061096445,0.027011701809006396,0.026255371771914577,0.02955079862457182,0.026255374334166307,0.019691532237523,0.029550799290059954,0.008216659828374375,0.008239202149533477,0.008239202149533477,0.008239202149533477,0.008239202149533477,0.010989360499737831
0.056172467201025755,0.06952728213206721,0.023175759941827752,0.09284609971509679,0.02317576406844504,0.02317576406844504,0.09284609971509679,0.03487094158185882,0.03487094154626339,0.03487094154626339,0.0347994217930663,0.035765078059219337,0.034763646391626525,0.03912698276675937,0.03476365658987416,0.02607274846735614,0.03912698543816193,0.011151823382071714,0.011182418409380612,0.011182418409380612,0.011182418409380612,0.011182418409380612,0.014914992558312164
0.06310692142900626,0.09127408796668067,0.030424692713193948,0.12188657787915128,0.030424709169725447,0.030424709169725447,0.12188657787915128,0.04577791994274063,0.04577791979108787,0.04577791979108787,0.04568405583358948,0.046951749700087156,0.04563706485240649,0.05136516598107611,0.04563710349374729,0.0342278509093711,0.05136517620845043,0.015005552664959263,0.01504672082179288,0.01504672082179288,0.01504672082179288,0.01504672082179288,0.02006916345049802
0.07089742948257126,0.11880705008086224,0.039602336737633984,0.15865381257148045,0.03960239946581108,0.03960239946581108,0.15865381257148045,0.059586947482341446,0.05958694686709514,0.05958694686709514,0.059464860128489866,0.06111495082491528,0.05940360317129091,0.06685958095311018,0.05940374253904387,0.044552892793594805,0.06685961830753123,0.020018365497213274,0.0200732879221605,0.0200732879221605,0.0200732879221605,0.0200732879221605,0.02677356290502608
0.07964967064493539,0.1533409774074088,0.051113607796667716,0.20476999266409604,0.05111383636157554,0.05111383636157554,0.20476999266409604,0.07690740603270053,0.07690740365588872,0.07690740365588872,0.07675013769202522,0.07887984570457574,0.07667076823446774,0.08629394371623378,0.0766712466501008,0.05750373724596758,0.08629407391913177,0.02647846761613226,0.02655111886496826,0.02655111886496826,0.02655111886496826,0.02655111886496826,0.035413677892015306
0.08948237023750269,0.1962531487620828,0.0654175273914683,0.2620741515929446,0.06541832357316707,0.06541832357316707,0.2620741515929446,0.09843039225631642,0.09843038351267941,0.09843038351267941,0.09823009400935741,0.1009557296942897,0.098127530310241,0.11044356075213728,0.09812909315909109,0.07359783502702634,0.11044399403390817,0.034726885246002655,0.034822183675076744,0.034822183675076744,0.034822183675076744,0.034822183675076744,0.04644568026482058
0.10052891014472326,0.24908199425735547,0.08302666981356023,0.3326201928229521,0.08302932133015621,0.08302932133015621,0.3326201928229521,0.12492851698343621,0.12492848635354925,0.12492848635354925,0.1246772892870993,0.12813639904374477,0.12454412255926732,0.140174894845417,0.12454898008758646,0.09341498944396133,0.14017627201051466,0.04516239398217442,0.04528637523800335,0.04528637523800335,0.04528637523800335,0.04528637523800335,0.06040305591771414
0.11293913815718663,0.31352156885410126,0.10450498256506444,0.41866895503636115,0.10451342504812998,0.10451342504812998,0.41866895503636115,0.15725441790112535,0.15725431572274712,0.15725431572274712,0.15694684694409491,0.1613000853956961,0.15677055626841202,0.1764432846592025,0.15678491766658517,0.11759864790269117,0.17644746765598893,0.05824692015381198,0.058406949323812955,0.058406949323812955,0.058406949323812955,0.058406949323812955,0.07790384293126168
0.1268814006769336,0.391415715681679,0.13046489404840886,0.5226790634904654,0.13049059471761934,0.13049059471761934,0.5226790634904654,0.196341227658553,0.19634090306694107,0.19634090306694107,0.19598104900488614,0.2014133936636225,0.19573708008184357,0.2202917664423997,0.1957774566640573,0.14686219445661536,0.22030391488184384,0.07451381832819214,0.07471888000159431,0.07471888000159431,0.07471888000159431,0.07471888000159431,0.09966149723132009
0.14254482635890514,0.4847632984757669,0.16156655627464,0.6473108154461176,0.16164135818148473,0.16164135818148473,0.6473108154461176,0.2432136999981726,0.24321271805910089,0.24321271805910089,0.2428298837642016,0.24955032379759456,0.2424652482834533,0.27285904641403486,0.24257315453282516,0.18201106650524398,0.272892802667193,0.09458555545679277,0.09484671053366181,0.09484671053366181,0.09484671053366181,0.09484671053366181,0.12650741187007397
0.16014189166643014,0.5957621161764077,0.19852626959515612,0.7954781759183088,0.19873441272573444,0.19873441272573444,0.7954781759183088,0.2990303725244494,0.29902754370668805,0.29902754370668805,0.29871333431275654,0.3069509700273975,0.29810988667314303,0.3354154640416073,0.29838387647916953,0.22400428306921857,0.3355052644576711,0.11921642443641392,0.11954761630435892,0.11954761630435892,0.11954761630435892,0.11954761630435892,0.15944387968494037
0.17991130314285533,0.7269522236019847,0.24214977604202406,0.9705268853368848,0.24270347312192334,0.24270347312192334,0.9705268853368848,0.36520049564044826,0.36519273490779525,0.36519273490779525,0.3651783855203296,0.3751700898129932,0.36407548829243186,0.40946715077305196,0.36473605824587785,0.27410274751549835,0.4096960248633176,0.14939447081272417,0.1498140231723879,0.1498140231723879,0.1498140231723879,0.1498140231723879,0.19976777295536347
0.2021212354977168,0.8815826135023598,0.2934229099992428,1.1766995051979714,0.2948309534557797,0.2948309534557797,1.1766995051979714,0.44366290037114287,0.44364262439113317,0.44364262439113317,0.4444518990616236,0.4564106420840442,0.4422938139480909,0.49700798121542467,0.4438047446448116,0.3341924034482283,0.49756724706423,0.18657180903041243,0.18710519885206925,0.18710519885206925,0.18710519885206925,0.18710519885206925,0.24934494982136282
0.2270729694325259,1.0644374809110333,0.3537228108965865,1.4201967737375312,0.3571454488309843,0.3571454488309843,1.4201967737375312,0.5374884954037686,0.537438047128749,0.537438047128749,0.5401688650067744,0.5542096824933782,0.5358236512202132,0.6010660410073994,0.5390989102243137,0.40743361099651276,0.6023771732238195,0.23315291283591147,0.23383771570816916,0.23383771570816916,0.23383771570816916,0.23383771570816916,0.311183028431803
0.2551049785537617,1.2835416503425103,0.4252652317553088,1.7113896557372237,0.43321711387823275,0.43321711387823275,1.7113896557372237,0.6520842630864666,0.6519647267426922,0.6519647267426922,0.6587707058205804,0.6747491512039779,0.6500493592781263,0.7267957879611078,0.656768309196416,0.499475401850625,0.7297467556274226,0.2934645107112313,0.29435874446498866,0.29435874446498866,0.29435874446498866,0.29435874446498866,0.3905547470029852
0.28659752081259104,1.5534354881769983,0.5119854297548204,2.0691017802365894,0.5296418519494738,0.5296418519494738,2.0691017802365894,0.7974371540239792,0.7971674133000203,0.7971674133000203,0.8120166526022982,0.8291983432097108,0.794914720717862,0.8835124561589822,0.8079334271218938,0.6205751769631105,0.8898924524598483,0.37555905282441315,0.376754368228671,0.376754368228671,0.376754368228671,0.376754368228671,0.4970676029796511
0.3219777967548112,1.9010592986765036,0.6211653089755633,2.528358664919351,0.6586295382224978,0.6586295382224978,2.528358664919351,0.9920224980584379,0.9914428163956321,0.9914428163956321,1.0212070002624838,1.0376354577419555,0.9888142479970286,1.088238746503437,1.0125753485567335,0.7890524305251934,1.1014947492199623,0.49434767956745235,0.4959888059452414,0.4959888059452414,0.4959888059452414,0.4959888059452414,0.6482414254221007
0.36172574455336326,2.375652148808569,0.7662577266932635,3.153504478636221,0.8422148569242986,0.8422148569242986,3.153504478636221,1.2691553094813028,1.2679689056428958,1.2679689056428958,1.3238187073691925,1.3351900645370556,1.2649176866721807,1.3714921368941262,1.3056082834252103,1.163457760034819,1.3979695638997907,0.6766654761009047,0.6789769234029124,0.6789769234029124,0.6789769234029124,0.6789769234029124,0.8752944678791623
0.4063805504338082,3.0642946167565137,0.9714818831877086,4.058909113569562,1.118616185183226,1.118616185183226,4.058909113569562,1.6865704378196869,1.6842579537580606,1.6842579537580606,2.089238339177567,2.0306279544680668,1.6807118868225515,1.7860967905206548,2.031398540331144,1.9882477589240546,1.8369445585572242,0.9688439757573368,0.9721643380164767,0.9721643380164767,0.9721643380164767,0.9721643380164767,1.3339321073641193
0.45654796280755766,4.114535558769312,1.2787893709097347,5.43925506238153,1.575970953202885,1.575970953202885,5.43925506238153,2.401968760400715,2.393259252455273,2.393259252455273,3.4774798766365183,3.3617832246673416,2.3941104393146753,2.4196212584712145,3.3618238802892315,3.271473408833098,2.599488339024277,1.6891491990402892,1.7094647777628267,1.7094647777628267,1.7094647777628267,1.7094647777628267,2.2838190591564507
0.5129085093300529,5.764565043928162,1.7575960431990334,7.610091348563794,2.6301309887718887,2.6301309887718887,7.610091348563794,4.003573544577714,3.9884682726744263,3.9884682726744263,5.589765185574736,5.372115867831265,3.989687683656984,3.714059648831843,5.369408321690271,5.188600071716698,4.268455895314541,2.877988877373855,2.9078048284469427,2.9078048284469427,2.9078048284469427,2.9078048284469427,3.7787869070906206
0.5762267283493882,8.722832464301474,2.517076996933044,11.056453256164035,4.245298515544139,4.245298515544139,11.056453256164035,6.454080348818488,6.429114957913606,6.429114957913606,8.687257251533829,8.297145576302281,6.430622437881103,5.9358365148972805,8.287240269133788,7.9412796394978145,6.78214677911091,4.729822229007432,4.771658660291491,4.771658660291491,4.771658660291491,4.771658660291491,6.04656639117769
0.6473615399712076,13.819688741761677,3.7572347271602116,17.461216560948316,6.629639381486273,6.629639381486273,17.461216560948316,10.066667391989558,10.027346642602506,10.027346642602506,13.068035918933685,12.40197909645495,10.02875795058466,9.18533252046159,12.376200512081574,11.742981707653183,10.436107163416526,7.498372715392038,7.554569053247995,7.554569053247995,7.554569053247995,7.554569053247995,9.362750302917394
0.7272778974247632,21.220376573952485,5.798692287289259,27.059330725913732,10.01925853430476,10.01925853430476,27.059330725913732,15.19580163192298,15.136784661057476,15.136784661057476,19.04645420719598,17.963509031117404,15.137151338533585,13.77284128807838,17.906515835124093,16.79727671616855,15.56350160792972,11.468708474374118,11.5411081247729,11.5411081247729,11.5411081247729,11.5411081247729,14.037336668646976
0.8170598767824696,31.58718776908311,8.705775458552552,40.61058624517556,14.656838609403394,14.656838609403394,40.61058624517556,22.204969653208874,22.12055821195231,22.12055821195231,26.920634965062124,25.24439058606501,22.11802410419576,20.02576868616975,25.131271713442054,23.270476630663758,22.50926081672631,16.92737018702336,17.017079694768572,17.017079694768572,17.017079694768572,17.017079694768572,20.388599792311386
0.9179253825967483,45.58788058767274,12.710849425932121,59.034068944801305,20.758804226448177,20.758804226448177,59.034068944801305,31.41731332294659,31.30226189841146,31.30226189841146,36.92919609672352,34.460095387518464,31.293676548263065,28.255602565981782,34.253473072442134,31.262108145371002,31.590930020590477,24.118652284616527,24.225977640025548,24.225977640025548,24.225977640025548,24.225977640025548,28.704216176776036
1.0312426689380967,63.80515696841124,18.511551847569546,83.13780539959849,28.473859118004064,28.473859118004064,83.13780539959849,43.05349770229759,42.90406506770586,42.90406506770586,49.20148395037981,45.74204704790881,42.884635218815816,38.71515541301247,45.389956897479465,40.778083226005265,43.04877938674055,33.192441220747504,33.317068266932374,33.317068266932374,33.317068266932374,33.317068266932374,39.192961345551126
1.1585488999444697,86.62606500682472,26.53684926904337,114.76944572559725,37.839618747428,37.839618747428,114.76944572559725,57.16691377991272,56.981962368007416,56.981962368007416,63.709225239438084,59.10164881720306,56.94505639928538,51.55090310154125,58.53715029609593,51.711972712502444,56.99159664146993,44.1537527745884,44.295163220005946,44.295163220005946,44.295163220005946,44.295163220005946,51.93410970200828
1.3015710016583038,119.11073551036989,37.001100239488835,158.42227426463842,48.74724507350804,48.74724507350804,158.42227426463842,73.59104198472852,73.37290762264054,73.37290762264054,80.23044743143646,74.4015340642371,73.31013542461017,67.41298751529114,73.54493313893269,63.83914725201056,73.3481232366376,56.82699230073982,56.985014289025614,56.985014289025614,56.985014289025614,56.985014289025614,66.83471509214198
1.4622490880091454,159.45365438652652,50.07082710435814,212.27496478506615,60.92491556439444,60.92491556439444,212.27496478506615,91.91514035638764,91.6699859055962,91.6699859055962,98.337249697591,91.3410170576777,91.5716434087204,89.78805560327737,90.10516920899732,76.82666688470749,94.26959824197795,70.84720886416407,71.02252879150218,71.02252879150218,71.02252879150218,71.02252879150218,84.64909857624626
1.6427627787184707,207.10340069887576,65.69038899203827,275.91611169377165,77.02022705104108,77.02022705104108,275.91611169377165,115.97844096417572,115.82362254252817,115.82362254252817,117.60745456094548,113.63064644288441,115.5823622333823,116.17297227234366,111.15496567949072,90.25897450713548,121.35790237405169,87.95557664543998,88.13778990234634,88.13778990234634,88.13778990234634,88.13778990234634,108.96322449347997
1.8455607661325835,260.9922668478275,83.53982621733861,347.9184684023754,95.57622709683122,95.57622709683122,347.9184684023754,143.8938968559405,143.73382296402983,143.73382296402983,145.3375495509895,141.33252420587073,143.41284157479788,146.01245844977697,138.09458267895718,108.32682061034478,151.74058221095297,108.84247304480493,109.07456352293659,109.07456352293659,109.07456352293659,109.07456352293659,136.1651209984454
2.0733940320616497,319.3174507460053,103.03428733158438,425.8691752587441,115.23813881080991,115.23813881080991,425.8691752587441,173.46926862733653,173.3116360848789,173.3116360848789,174.65602283758153,170.99770260015447,172.9002949577834,178.35459496089882,166.90881573556226,129.7814886828288,184.39476378983596,130.88127593897858,131.16971058168065,131.16971058168065,131.16971058168065,131.16971058168065,165.3293552928127
2.329353165215711,379.69568351491876,123.37183435981177,506.5774604350993,135.18047378686572,135.18047378686572,506.5774604350993,203.46363897237734,203.31579668170627,203.31579668170627,204.3496569352509,201.44446758713525,202.80718298682865,211.92469243568576,196.45177793388464,151.58269230175694,218.00170718935803,153.15913180940717,153.50840275552804,153.50840275552804,153.50840275552804,153.50840275552804,195.27742481991862
2.6169102854537,439.4500223666306,143.63079697103382,586.4593351604537,154.53467252410843,154.53467252410843,586.4593351604537,232.57159967511745,232.43953746132843,232.43953746132843,233.14326567820567,231.37297465282026,231.83142632863243,245.27158498861394,225.46682433469257,172.83454330448166,251.1032918367627,174.72623155779843,175.13816072085228,175.13816072085228,175.13816072085228,175.13816072085228,224.71618522373498
2.9399661435534976,495.96199031841235,162.89383705619747,662.0095606296259,172.50144467850572,172.50144467850572,662.0095606296259,259.5919796415868,259.47962656828713,259.47962656828713,259.86296232187965,259.5304052776723,258.7747754296206,276.95347234600024,252.7455995026107,192.69310094853353,282.2898311308994,194.71539602267563,195.18880357545152,195.18880357545152,195.18880357545152,195.18880357545152,252.40331167709104
3.3029030354176987,547.015715582841,180.3721769751518,730.262505101724,188.44969579702968,188.44969579702968,730.262505101724,283.5764240808197,283.4853872805514,283.4853872805514,283.58076033231936,284.87010643873793,282.6910995082627,305.7258313010991,277.28080616333284,210.46843838184498,310.3810047926192,212.44607933696034,212.97690338171418,212.97690338171418,212.97690338171418,212.97690338171418,277.3050859086513
3.710644248503383,591.0589958423714,195.50217013433206,789.1413970964003,201.9817026210698,201.9817026210698,789.1413970964003,303.92729085640076,303.85703645147214,303.85703645147214,303.71068109060343,306.67075690514986,302.9841055646194,330.69053052464136,298.3802281041977,225.69863227889226,334.56115788407715,227.49212028564887,228.07396067920675,228.07396067920675,228.07396067920675,228.07396067920675,298.7130631411711
4.168720846874621,627.3300408473572,207.99467410491673,837.6275367114592,212.95358732966076,212.95358732966076,837.6275367114592,320.428415218405,320.3767791299389,320.3767791299389,320.0398719618248,324.59242456863126,319.43806068538163,351.37588238426554,315.71995717444696,238.18186216789314,354.44284207709177,239.70225938932577,240.32721494088588,240.32721494088588,240.32721494088588,240.32721494088588,316.29741798959424
4.683346700825936,655.8365700128695,217.8314463180123,875.7318545996468,221.4520431649688,221.4520431649688,875.7318545996468,333.21015940386127,333.1740138628299,333.1740138628299,332.6955273548189,338.6636459636445,332.18292933534815,367.73671269288513,329.3313269159823,247.96369947502964,370.05226227671795,249.174592280406,249.8342018850547,249.8342018850547,249.8342018850547,249.8342018850547,330.0920314936833
5.261502778863538,677.2122471549517,225.21690500624118,904.3024427242578,227.73863061309754,227.73863061309754,904.3024427242578,342.665733063509,342.6416353453573,342.6416353453573,342.0637367387873,349.21125050200953,341.6108818400167,380.08462721671003,339.5328992568677,255.28767614320773,381.7502141699714,256.1967573202967,256.88285676374215,256.88285676374215,256.88285676374215,256.88285676374215,340.42360090956464
5.911031845476362,692.5014525451087,230.50331968471238,924.7364039703334,232.17869525794208,232.17869525794208,924.7364039703334,349.3443880612523,349.32908723577435,349.32908723577435,348.6850906990943,356.7567554378146,348.26973111778125,388.9743102351325,346.8304323567504,260.5247813064654,390.115621056347,261.1696410863664,261.8749993350263,261.8749993350263,261.8749993350263,261.8749993350263,347.8086345605975
6.64074484928479,702.9305721496287,234.11033202620223,938.6738695096257,235.172016508917,235.172016508917,938.6738695096257,353.84719043983654,353.83793772269115,353.83793772269115,353.15226349536056,361.90663344813856,352.7589496781789,395.07752906939584,351.8110721054588,264.09966144150235,395.822479087404,264.5326010796932,265.2512774269667,265.2512774269667,265.2512774269667,265.2512774269667,352.8452379818848
7.4605404447366075,709.7136287360412,236.45610556522655,947.7381038621436,237.0977871403668,237.0977871403668,947.7381038621436,356.7443085251989,356.73897963568714,356.73897963568714,356.0283534297398,365.25904901577945,355.6471634874837,399.0724001309372,355.0534799196263,266.428222971525,399.53553336445054,266.7036663208936,267.4311038612516,267.4311038612516,267.4311038612516,267.4311038612516,356.1216992197553
8.381539268677866,713.9193842442885,237.90999336682447,953.3579032916384,238.2798692756631,238.2798692756631,953.3579032916384,358.52276366372575,358.5198407602718,358.5198407602718,357.79501714816354,367.34000981575696,357.4200439948068,401.5648296327461,357.0663339521691,267.8750641843474,401.8390592178547,268.04128725339973,268.77420806852103,268.77420806852103,268.77420806852103,268.77420806852103,358.1542883380418
9.416234793278331,716.4050158212156,238.76869172949995,956.6790386551022,238.97200992883893,238.97200992883893,956.6790386551022,359.56417953656967,359.5626526749537,359.5626526749537,358.8301455988343,368.5714722647606,358.45812863741526,403.0467910709301,358.25763496762397,268.7323601086447,403.20143406310973,268.82757853019626,269.56376461695015,269.56376461695015,269.56376461695015,269.56376461695015,359.3564923404058
10.578662801651687,717.8050670933144,239.2519481743538,958.549586734349,239.35852221796102,239.35852221796102,958.549586734349,360.14578458582383,360.1450249782582,360.1450249782582,359.4085602990341,369.2660926071667,359.0378346662792,403.88639312461544,358.9296980470564,269.2166487730233,403.9694422748365,269.26845341658463,270.0064898169172,270.0064898169172,270.0064898169172,270.0064898169172,360.0343023196449
11.884591785129816,718.5565379568613,239.51107217766736,959.5535419468943,239.56433851705498,239.56433851705498,959.5535419468943,360.4555120337722,360.45515213525584,360.45515213525584,359.71674625015237,369.63948983754005,359.3465298512132,404.3395734556892,359.29102755878193,269.4774104107255,404.3820465026471,269.50419161097614,270.243225845811,270.243225845811,270.243225845811,270.243225845811,360.398523904425
13.351736844955687,718.9408585210815,239.64344514098687,960.0669647876236,239.66882865915346,239.66882865915346,960.0669647876236,360.61276904620655,360.61260665271703,360.61260665271703,359.87329362629765,369.83075212108764,359.50325203165085,404.5725845060885,359.47614053342585,269.61121304259177,404.593269315964,269.6243732056476,270.36391958799595,270.36391958799595,270.36391958799595,270.36391958799595,360.5850272507489
15.0,719.1281188276675,239.70786562357142,960.3171195002342,239.71939802822868,239.71939802822868,960.3171195002342,360.688881625411,360.68881184212466,360.68881184212466,359.9490947879191,369.92409209097025,359.5791005711502,404.6866999090063,359.5664958874547,269.67663066386297,404.6962925480477,269.6827794340178,270.42257601608276,270.42257601608276,270.42257601608276,270.42257601608276,360.67602146869626
