PGA,RES1,RES2,RES3,RES4,RES5,RES6,COM1,COM2,COM3,COM4,COM5,COM6,COM7,COM8,COM9,COM10,IND1,IND2,IND3,IND4,IND5,IND6,GOV1,GOV2,EDU1,EDU2
0.05000000000000001,0.27366649778742386,0.08948608918713422,0.3609342855865318,0.194264978521198,0.194264978521198,0.3609342855865318,0.14855599143694243,0.14855599143694243,0.14855599143694243,0.1957116524592556,0.14269238036735213,0.2921208047508258,0.2125918966129706,0.14269238036735213,0.14269238036735213,0.1371949173782263,0.14611922976772646,0.14611922976772646,0.14611922976772646,0.14611922976772646,0.21990218162061853,0.12349417920890861,0.194264978521198,0.14522853935490304,0.194264978521198,0.3609342855865318
0.056172467201025755,0.3932892455177832,0.12867350446668488,0.5188728706642549,0.27873872142303047,0.27873872142303047,0.5188728706642549,0.2130303817632403,0.2130303817632403,0.2130303817632403,0.2807396272659412,0.20478102696430506,0.4191085350560011,0.3051706346035469,0.20478102696430506,0.20478102696430506,0.19714484921961928,0.2096136282159583,0.2096136282159583,0.2096136282159583,0.2096136282159583,0.31542089524539285,0.17738144010357193,0.27873872142303047,0.20839556278292062,0.27873872142303047,0.5188728706642549
0.06310692142900626,0.559787727010217,0.18324911983299857,0.7387770138697651,0.39611505768410193,0.39611505768410193,0.7387770138697651,0.3025633882104908,0.3025633882104908,0.3025633882104908,0.3988541890932321,0.29107709293126194,0.595542152230718,0.4338765079877627,0.29107709293126194,0.29107709293126194,0.28057864635739105,0.29782157931437114,0.29782157931437114,0.29782157931437114,0.29782157931437114,0.44810193467612175,0.2523449252027923,0.39611505768410193,0.2961736387503151,0.39611505768410193,0.7387770138697651
0.07089742948257126,0.7891653890594559,0.2584795951163651,1.041832340368296,0.5575441888397177,0.5575441888397177,1.041832340368296,0.4256251978413075,0.4256251978413075,0.4256251978413075,0.561255516551932,0.4097964837373904,0.8381719471156837,0.6109833978938713,0.4097964837373904,0.4097964837373904,0.3955105264577815,0.4191118505692637,0.4191118505692637,0.4191118505692637,0.4191118505692637,0.6305234397100027,0.35556430907176656,0.5575441888397177,0.41690623213002,0.5575441888397177,1.041832340368296
0.07964967064493539,1.1019434418403435,0.36112323619646997,1.455216401831012,0.7772926236703175,0.7772926236703175,1.455216401831012,0.5930453023258824,0.5930453023258824,0.5930453023258824,0.7822697190367881,0.5714570521201976,1.1684274831887116,0.8522084828138258,0.5714570521201976,0.5714570521201976,0.5522159947617894,0.5841901871351639,0.5841901871351639,0.5841901871351639,0.5841901871351639,0.8787738283859812,0.4962404737271192,0.7772926236703175,0.5812698880171803,0.7772926236703175,1.455216401831012
0.08948237023750269,1.524092368171419,0.49973921958091905,2.013337945575735,1.073374733276623,1.073374733276623,2.013337945575735,0.818487951681433,0.818487951681433,0.818487951681433,1.079980950377771,0.7893475272776238,1.6133652084655083,1.1774150738152875,0.7893475272776238,0.7893475272776238,0.7636977383609965,0.8065724045131138,0.8065724045131138,0.8065724045131138,0.8065724045131138,1.213161715320245,0.686010435435947,1.073374733276623,0.802747488416528,1.073374733276623,2.013337945575735
0.10052891014472326,2.088040726509739,0.6850230525439297,2.759180321009468,1.4682327963859518,1.4682327963859518,2.759180321009468,1.1189631889028528,1.1189631889028528,1.1189631889028528,1.476911601640604,1.0800334595168124,2.2066885972062535,1.6113713840205666,1.0800334595168124,1.0800334595168124,1.0461900645685327,1.1030936773559552,1.1030936773559552,1.1030936773559552,1.1030936773559552,1.658979918661259,0.9393961018837917,1.4682327963859518,1.0981380018365514,1.4682327963859518,2.759180321009468
0.11293913815718663,2.8337287655099583,0.9301576643493015,3.7457062095872997,1.9894422654394146,1.9894422654394146,3.7457062095872997,1.515355668973972,1.515355668973972,1.515355668973972,2.00072715379324,1.4638832677821132,2.9898058423360343,2.1845400133193444,1.4638832677821132,1.4638832677821132,1.4196856048434354,1.4944365724587438,1.4944365724587438,1.4944365724587438,1.4944365724587438,2.2472973028650287,1.27427221570361,1.9894422654394146,1.4880853385660324,1.9894422654394146,3.7457062095872997
0.1268814006769336,3.8096598964816533,1.2511647193618347,5.037261608571182,2.6704091597888495,2.6704091597888495,5.037261608571182,2.0329460738781724,2.0329460738781724,2.0329460738781724,2.6849324432096164,1.9655902051356264,4.012875381393658,2.9338620242826723,1.9655902051356264,1.9655902051356264,1.9084607690960183,2.005653023157068,2.005653023157068,2.005653023157068,2.005653023157068,3.015741176445985,1.712332399076544,2.6704091597888495,1.9976015629697146,2.6704091597888495,5.037261608571182
0.14254482635890514,5.0738875406585455,1.667235569104745,6.710896295197903,3.5510160713802366,3.5510160713802366,6.710896295197903,2.7018921225092,2.7018921225092,2.7018921225092,3.5695156817320868,2.6146583102930903,5.33577391224628,3.9034878550877856,2.6146583102930903,2.6146583102930903,2.541568672917235,2.66664764831988,2.66664764831988,2.66664764831988,2.66664764831988,4.009221277655746,2.2795253198659213,3.5510160713802366,2.6565519006611202,3.5510160713802366,6.710896295197903
0.16014189166643014,6.6948593840977955,2.2010160796117146,8.85749730501321,4.678163029499318,4.678163029499318,8.85749730501321,3.5576285333643898,3.5576285333643898,3.5576285333643898,4.701486360325569,3.4458127590392884,7.028906209662102,5.145395807732681,3.4458127590392884,3.4458127590392884,3.3532605247554605,3.5125821649806053,3.5125821649806053,3.5125821649806053,3.5125821649806053,5.2805349128840335,3.0064261475848713,4.678163029499318,3.5000612953199384,4.678163029499318,8.85749730501321
0.17991130314285533,8.75202709265113,2.8788148639440134,11.582613209991376,6.106140426590598,6.106140426590598,11.582613209991376,4.64113859462024,4.64113859462024,4.64113859462024,6.135244165582811,4.499288209467587,9.173762509382005,6.719828575209169,4.499288209467587,4.499288209467587,4.383289481073618,4.5841538865719516,4.5841538865719516,4.5841538865719516,4.5841538865719516,6.890782699354034,3.9285023092623677,6.106140426590598,4.568795474714589,6.106140426590598,11.582613209991376
0.2021212354977168,11.336118820312619,3.7307008000099993,15.006832515083817,7.896764558546277,7.896764558546277,15.006832515083817,5.999045136161805,5.999045136161805,5.999045136161805,7.932709453980061,5.820943635023632,11.863119285536307,8.695470557101665,5.820943635023632,5.820943635023632,5.677045634014755,5.927696337304486,5.927696337304486,5.927696337304486,5.927696337304486,8.90951695367362,5.086227873889262,7.896764558546277,5.909064478303604,7.896764558546277,15.006832515083817
0.2270729694325259,14.548966331442767,4.790453768396828,19.265571898284914,10.119203390356038,10.119203390356038,19.265571898284914,7.683466664118983,7.683466664118983,7.683466664118983,10.163142968767795,7.462149730273981,15.200774874739936,11.149285016999212,7.462149730273981,7.462149730273981,7.285468060324323,7.595047826700063,7.595047826700063,7.595047826700063,7.595047826700063,11.414541529255974,6.5249985532574915,10.119203390356038,7.572694361786963,10.119203390356038,19.265571898284914
0.2551049785537617,18.50278021492621,6.0953329610278795,24.508131924187705,12.849422221234132,12.849422221234132,24.508131924187705,9.75158618002693,9.75158618002693,9.75158618002693,12.902584644690718,9.479396226161711,19.30071454357949,14.165931915785979,9.479396226161711,9.479396226161711,9.264680713327252,9.643135387586328,9.643135387586328,9.643135387586328,9.643135387586328,14.491284293107785,8.294800175466678,12.849422221234132,9.61661430237735,12.849422221234132,24.508131924187705
0.28659752081259104,23.31877726000282,7.685630483517826,30.895891631095772,16.169187129987588,16.169187129987588,30.895891631095772,12.264886605925001,12.264886605925001,12.264886605925001,16.23284965781288,11.93357222233299,24.285611958894027,17.836695805674193,11.93357222233299,11.93357222233299,11.675304261957733,12.133227635452567,12.133227635452567,12.133227635452567,12.133227635452567,18.2316727170915,10.44958834134033,16.169187129987588,12.102112437287685,16.169187129987588,30.895891631095772
0.3219777967548112,29.125084898875357,9.6039847493106,38.59954079740489,20.16457923511674,20.16457923511674,38.59954079740489,15.288018358816153,15.288018358816153,15.288018358816153,20.24003513651636,14.888883553058609,30.28459680337492,22.25786942818829,14.888883553058609,14.888883553058609,14.581406424787584,15.129821456430431,15.129821456430431,15.129821456430431,15.129821456430431,22.732460135345455,13.046346384182442,20.16457923511674,15.093725082644564,20.16457923511674,38.59954079740489
0.36172574455336326,36.053879292215534,11.894438553951987,47.79529055618412,24.92399519969143,24.92399519969143,47.79529055618412,18.887281660897557,18.887281660897557,18.887281660897557,25.012513439282063,18.411387500366477,37.43025191933246,27.528563010959083,18.411387500366477,18.411387500366477,18.049069206005427,18.69914419419032,18.69914419419032,18.69914419419032,18.69914419419032,28.092975411080797,16.14380296843853,24.92399519969143,18.657740725922455,24.92399519969143,47.79529055618412
0.4063805504338082,44.23775577515751,14.601240619015009,58.66005889983577,30.535638679522336,30.535638679522336,58.66005889983577,23.128728331995045,23.128728331995045,23.128728331995045,30.638417244420115,22.567146617655002,45.85484730173239,33.74794136158472,22.567146617655002,22.567146617655002,22.1445725288032,22.907274905582437,22.907274905582437,22.907274905582437,22.907274905582437,34.41230164082255,19.800809504213863,30.535638679522336,22.860322090489912,30.535638679522336,58.66005889983577
0.45654796280755766,53.805381493053005,17.76740632628593,71.3656955412041,37.08454241304603,37.08454241304603,71.3656955412041,28.07591420273852,28.07591420273852,28.07591420273852,37.202656733255296,27.42002922409495,55.685870779673685,41.01192951593317,27.42002922409495,27.42002922409495,26.93221932657882,27.81791443645424,27.81791443645424,27.81791443645424,27.81791443645424,41.785928814786,24.074400338675705,37.08454241304603,27.765275785536282,37.08454241304603,71.3656955412041
0.5129085093300529,64.87653742467108,21.4330724379329,86.07238699613855,44.64919943027528,44.64919943027528,86.07238699613855,33.78736241961107,33.78736241961107,33.78736241961107,44.78354791879923,33.02921286695063,67.04097338967489,49.40947081190198,33.02921286695063,33.02921286695063,32.47185583446653,33.48986307254961,33.48986307254961,33.48986307254961,33.48986307254961,50.301968853086386,29.017584190860926,44.64919943027528,33.4315281199129,44.64919943027528,86.07238699613855
0.5762267283493882,77.55671674221935,25.63370054210111,102.92146249455233,53.297921705453774,53.297921705453774,102.92146249455233,40.313827730926576,40.313827730926576,40.313827730926576,53.44917095884216,39.446476749191554,80.02250718487485,59.01846587039894,39.446476749191554,39.446476749191554,38.81617068445677,39.97429431921877,39.97429431921877,39.97429431921877,39.97429431921877,60.03706610552236,34.67694179021117,53.297921705453774,39.91039554627438,53.297921705453774,102.92146249455233
0.6473615399712076,91.93150376365625,30.398203176495212,122.02789799565811,63.085082179500176,63.085082179500176,122.02789799565811,47.69547984700752,47.69547984700752,47.69547984700752,63.25361477880963,46.71339734735971,94.711889568905,69.9015634217301,46.71339734735971,46.71339734735971,46.00788503165549,47.31194148068843,47.31194148068843,47.31194148068843,47.31194148068843,71.05217852068738,41.09013000925237,63.085082179500176,47.24276643026749,63.085082179500176,122.02789799565811
0.7272778974247632,108.0610071866734,35.74708325907099,143.47288194772835,74.04742777216931,74.04742777216931,143.47288194772835,55.95914741054193,55.95914741054193,55.95914741054193,74.23329585675698,54.85858548838916,111.1640757005478,82.10201014799608,54.85858548838916,54.85858548838916,54.07697061448361,55.53033740829512,55.53033740829512,55.53033740829512,55.53033740829512,83.38844015473651,48.283414536983926,74.04742777216931,55.456334663517886,74.04742777216931,143.47288194772835
0.8170598767824696,125.97465732262354,41.690689744520434,167.29685510101746,86.20067312222643,86.20067312222643,167.29685510101746,65.11578025589148,65.11578025589148,65.11578025589148,86.40356093154374,63.89512027680686,129.4024535879983,95.63979260589298,63.89512027680686,63.89512027680686,63.038050613641104,64.64126432642418,64.64126432642418,64.64126432642418,64.64126432642418,97.06334039429493,56.26936887267722,86.20067312222643,64.5630423067017,86.20067312222643,167.29685510101746
0.9179253825967483,145.66669461706078,48.22769862674201,193.49346087703995,99.53659405951527,99.53659405951527,193.49346087703995,75.15829404810809,75.15829404810809,75.15829404810809,99.75579242296905,73.81834299471875,149.41449027099978,110.50831612862436,73.81834299471875,73.81834299471875,72.88814689939383,74.63857757582704,74.63857757582704,74.63857757582704,74.63857757582704,112.06746554546747,65.044884901412,99.53659405951527,74.55689549796382,99.53659405951527,193.49346087703995
1.0312426689380967,167.09267188752918,55.34392717455354,222.00483717631087,114.02083374773575,114.02083374773575,222.00483717631087,86.05995625565687,86.05995625565687,86.05995625565687,114.25522904118272,84.60417053595454,171.14844826832712,126.67186051048483,84.60417053595454,84.60417053595454,83.60493476712632,85.4965625846071,85.4965625846071,85.4965625846071,85.4965625846071,128.36204152363413,74.58963780684012,114.02083374773575,85.41231342699912,114.02083374773575,222.00483717631087
1.1585488999444697,190.16726312653492,63.01157982061499,252.71864192768416,129.59161173272238,129.59161173272238,252.71864192768416,97.77345479486756,97.77345479486756,97.77345479486756,129.83969112642967,96.20807203145382,194.51145729593722,144.06402865347343,96.20807203145382,96.20807203145382,95.14565141169427,97.16896740916056,97.16896740916056,97.16896740916056,97.16896740916056,145.87749081059445,84.86513459116532,129.59161173272238,97.08315326566895,129.59161173272238,252.71864192768416
1.3015710016583038,214.76361721466571,71.18900632039747,285.46713280569134,146.15948692813507,146.15948692813507,285.46713280569134,110.23076075030518,110.23076075030518,110.23076075030518,146.4193608627773,108.56482408701456,219.36916735952366,162.5873621958796,108.56482408701456,108.56482408701456,107.44677709099341,109.58882388432755,109.58882388432755,109.58882388432755,109.58882388432755,164.51317279381246,95.81445095436379,146.15948692813507,109.50252465624739,146.15948692813507,285.46713280569134
1.4622490880091454,240.7144176324256,79.82102734377929,320.02851917455297,163.608271598342,163.608271598342,320.02851917455297,123.343855676582,123.343855676582,123.343855676582,163.87771340221016,121.58912067546007,245.54712829944705,182.11423920932194,121.58912067546007,121.58912067546007,120.42456926717985,122.66913007491863,122.66913007491863,122.66913007491863,122.66913007491863,184.13841601431204,107.36272672908173,163.608271598342,122.58346697410404,163.608271598342,320.02851917455297
1.6427627787184707,267.81471378019734,88.83985103283321,356.1306774262514,181.7971279466662,181.7971279466662,356.1306774262514,137.00634463978622,137.00634463978622,137.00634463978622,182.07362942530608,135.1770655578873,272.83394265931923,202.48909685819106,135.1770655578873,135.1770655578873,133.97648225975865,136.3044177862733,136.3044177862733,136.3044177862733,136.3044177862733,204.59487741872988,119.41844751462293,181.7971279466662,136.22051355961742,181.7971279466662,356.1306774262514
1.8455607661325835,295.8264824383779,98.16656843784162,393.45717824263346,200.56380662354474,200.56380662354474,393.45717824263346,151.09592187441916,151.09592187441916,151.09592187441916,200.84464739944988,149.20852152740207,300.98613032326966,223.53194151519793,149.20852152740207,149.20852152740207,147.98345141316526,150.37317483344506,150.37317483344506,150.37317483344506,150.37317483344506,225.70018263812017,131.8754925650673,200.56380662354474,150.29211292404005,200.56380662354474,393.45717824263346
2.0733940320616497,324.4847674094086,107.71317884351501,431.6554268121038,219.72891293409114,219.72891293409114,431.6554268121038,165.4776009323896,165.4776009323896,165.4776009323896,220.011240377687,163.55023589222674,329.73453312293464,245.04302639474432,163.55023589222674,163.55023589222674,162.31296556560326,164.74103677113672,164.74103677113672,164.74103677113672,164.74103677113672,247.252718878503,144.61588000725166,219.72891293409114,164.6638217711599,219.72891293409114,431.6554268121038
2.329353165215711,353.50514047641207,117.38506081695154,470.34657666630295,239.10101779043558,239.10101779043558,470.34657666630295,180.00757001217602,180.00757001217602,180.00757001217602,239.38193364606005,178.0596099261398,358.7919846134656,266.80849903358524,178.0596099261398,178.0596099261398,176.82279920211215,179.26461136495578,179.26461136495578,179.26461136495578,179.26461136495578,269.03737497524594,157.5130940862446,239.10101779043558,179.19213307158506,239.10101779043558,470.34657666630295
2.6169102854537,382.592136409636,127.08377433547781,509.13675649814206,258.4823724033117,258.4823724033117,509.13675649814206,194.53749016475513,194.53749016475513,194.53749016475513,258.75902174102436,192.58893591627273,387.8618832738239,288.6067545366964,192.58893591627273,192.58893591627273,191.36523053924617,193.79575563602344,193.79575563602344,193.79575563602344,193.79575563602344,290.8319581228915,170.4358393048275,258.4823724033117,193.72875879429756,258.4823724033117,509.13675649814206
2.9399661435534976,411.44824677380785,136.7100562544156,547.6290577051597,277.67494344953985,277.67494344953985,547.6290577051597,208.9190230652593,208.9190230652593,208.9190230652593,277.94460140817023,206.98989279910282,416.647244153625,310.2151812400238,206.98989279910282,206.98989279910282,205.79153787656153,208.186093656997,208.186093656997,208.186093656997,208.186093656997,312.4139694648107,183.25203653053728,277.67494344953985,208.1251550806636,277.67494344953985,547.6290577051597
3.3029030354176987,439.78301781530837,146.1668577167133,585.435676662314,296.4864627771186,296.4864627771186,585.435676662314,223.0083587972488,223.0083587972488,223.0083587972488,296.7466147210733,221.1180731141365,444.8597701376552,331.4169577272501,221.1180731141365,221.1180731141365,219.95654689364287,222.29154625489315,222.29154625489315,222.29154625489315,222.29154625489315,333.5673953543171,195.83285905311553,296.4864627771186,222.2370604926872,296.4864627771186,585.435676662314
3.710644248503383,467.3217903108497,155.36226912458167,622.189594730508,314.7361846733293,314.7361846733293,622.189594730508,236.6705140924521,236.6705140924521,236.6705140924521,314.98459585099465,234.83731177372422,472.22848259882664,352.00755648292096,234.83731177372422,234.83731177372422,233.7229979498412,235.9766429269877,235.9766429269877,235.9766429269877,235.9766429269877,354.0891699793142,208.05660373353624,314.7361846733293,235.92881703506706,314.7361846733293,622.189594730508
4.168720846874621,493.8136446127243,164.21218625940497,657.5552117529656,332.2600644182272,332.2600644182272,657.5552117529656,249.78318770347482,249.78318770347482,249.78318770347482,332.49483594120863,248.023601150325,498.50748238883153,371.8006302025061,248.023601150325,248.023601150325,246.9655151871075,249.11840167809774,249.11840167809774,249.11840167809774,249.11840167809774,373.79498827863733,219.81220405213975,332.2600644182272,249.07725902472941,332.2600644182272,657.5552117529656
4.683346700825936,519.0381699292436,172.6425893270699,691.2374223087543,348.9151123991845,348.9151123991845,691.2374223087543,262.23999058905343,262.23999058905343,262.23999058905343,349.1347212938283,260.56840595158735,523.4824730460987,390.63300003273713,260.56840595158735,260.56840595158735,259.5739871882828,261.6095927450168,261.6095927450168,261.6095927450168,261.6095927450168,392.5241935648471,231.00221698023987,348.9151123991845,261.57498516771466,348.9151123991845,691.2374223087543
5.261502778863538,542.8107581123364,180.5913334834084,722.9887316636059,364.5827348305232,364.5827348305232,722.9887316636059,273.9529115801251,273.9529115801251,273.9529115801251,364.7860569648288,272.3812326894114,546.9757633129376,408.3685268998114,272.3812326894114,272.3812326894114,271.4562095897446,273.36124457178533,273.36124457178533,273.36124457178533,273.36124457178533,410.1435279248307,241.5451519095446,364.5827348305232,273.33287168191674,364.5827348305232,722.9887316636059
5.911031845476362,564.9862216974345,188.00938238546553,752.6141406454286,379.17094009847,379.17094009847,752.6141406454286,284.85393038385195,284.85393038385195,284.85393038385195,379.35725586984637,283.391358604833,568.8495680333932,424.9007221358732,283.391358604833,283.391358604833,282.53968979156133,284.3043012003869,284.3043012003869,284.3043012003869,284.3043012003869,426.54960968626847,251.37705416686518,379.17094009847,284.2817352276448,379.17094009847,752.6141406454286
6.64074484928479,585.4606450689573,194.8614526665192,779.9736741472539,392.6153631001853,392.6153631001853,779.9736741472539,294.8957447857064,294.8957447857064,294.8957447857064,392.7843467954534,293.5486793835318,589.0075364979119,440.1540353800296,293.5486793835318,293.5486793835318,292.77256845829567,294.39039508655884,294.39039508655884,294.39039508655884,294.39039508655884,441.67008447747236,260.45230410081933,392.6153631001853,294.3731094033725,392.6153631001853,779.9736741472539
7.4605404447366075,604.1714873300662,201.12607391500973,804.98257450618,404.8791326122076,404.8791326122076,804.98257450618,304.0516331983263,304.0516331983263,304.0516331983263,405.03082724385837,302.82368937876583,607.3945462341367,454.083839436498,302.82368937876583,302.82368937876583,302.1236673229458,303.59175371458923,303.59175371458923,303.59175371458923,303.59175371458923,455.46347788770925,268.74364132872313,404.8791326122076,303.5791530899824,404.8791326122076,804.98257450618
8.381539268677866,621.0960570834762,206.79510284651093,827.6093170413127,415.9516730413473,415.9516730413473,827.6093170413127,312.31452306128926,312.31452306128926,312.31452306128926,416.08645316342734,311.2066580883899,623.994899623061,466.6752070105048,311.2066580883899,311.2066580883899,310.5817235722581,311.90030802962946,311.90030802962946,311.90030802962946,311.90030802962946,467.9178521054842,276.24146865049875,415.9516730413473,311.8917587282775,415.9516730413473,827.6093170413127
9.416234793278331,636.248565473268,211.87275939544338,847.8717206147945,425.8465871319865,425.8465871319865,847.8717206147945,319.69537650334934,319.69537650334934,319.69537650334934,425.965112606799,318.7061086984309,638.8291434353861,477.94063757283385,318.7061086984309,318.7061086984309,318.1539141053371,319.3261120767724,319.3261120767724,319.3261120767724,319.3261120767724,479.04843085256476,282.95252810872324,425.8465871319865,319.32097012247425,425.8465871319865,847.8717206147945
10.578662801651687,649.6760289733663,216.37427454304446,865.8315137655692,434.59880689849996,434.59880689849996,865.8315137655692,326.2210346206446,326.2210346206446,326.2210346206446,434.7019708067917,325.34673595245596,651.9497923018959,487.91694002039213,325.34673595245596,325.34673595245596,324.8638054637561,325.89521376181784,325.89521376181784,325.89521376181784,325.89521376181784,488.89440259687257,288.8980702782257,434.59880689849996,325.89284999438235,434.59880689849996,865.8315137655692
11.884591785129816,661.4533342914023,220.32425372061778,881.5877723453517,442.26122433892857,442.26122433892857,881.5877723453517,331.93167934681236,331.93167934681236,331.93167934681236,442.35009820938467,331.16691991900194,663.4362734436208,496.6615060080468,331.16691991900194,331.16691991900194,330.74888561331517,331.64713491405683,331.64713491405683,331.64713491405683,331.64713491405683,497.51513930631336,294.111655695423,442.26122433892857,331.6469558468098,442.26122433892857,881.5877723453517
13.351736844955687,671.677793537553,223.75486526323164,895.2696664493722,448.9010210796498,448.9010210796498,895.2696664493722,336.8780770316712,336.8780770316712,336.8780770316712,448.9768003860291,336.21599908205894,673.3894212726644,504.2482193167091,336.21599908205894,336.21599908205894,335.8578415953713,336.63212461300736,336.63212461300736,336.63212461300736,336.63212461300736,504.98607657270065,298.63673403878937,448.9010210796498,336.63358850455256,448.9010210796498,895.2696664493722
15.0,680.4635098876565,226.70396107545773,907.0289445831248,454.59590818268697,454.59590818268697,907.0289445831248,341.11876143417464,341.11876143417464,341.11876143417464,454.659860661372,340.55146135151136,681.925838513373,510.76323954858196,340.55146135151136,340.55146135151136,340.24774306349957,340.9083439137252,340.9083439137252,340.9083439137252,340.9083439137252,511.39449210993035,302.5241428934878,454.59590818268697,340.91097186419046,454.59590818268697,907.0289445831248
