5.000000000000000971e-02,1.155101132146729020e-06
5.617246720102575530e-02,2.390943097019094457e-06
6.310692142900625745e-02,4.843046755123150472e-06
7.089742948257125865e-02,9.600406191639496883e-06
7.964967064493538862e-02,1.862538257821020279e-05
8.948237023750268970e-02,3.536637513129193541e-05
1.005289101447232603e-01,6.573141175757322605e-05
1.129391381571866332e-01,1.195865124507737402e-04
1.268814006769335978e-01,2.129858610926762023e-04
1.425448263589051412e-01,3.713763462206742306e-04
1.601418916664301417e-01,6.340325671363480605e-04
1.799113031428553333e-01,1.059950378200565958e-03
2.021212354977167946e-01,1.735334375944202470e-03
2.270729694325258896e-01,2.782634878265657658e-03
2.551049785537616854e-01,4.370807534090835784e-03
2.865975208125910445e-01,6.726084192778816577e-03
3.219777967548111963e-01,1.014208236293604078e-02
3.617257445533632598e-01,1.498759928922511336e-02
4.063805504338082186e-01,2.171002444869226181e-02
4.565479628075576612e-01,3.083207437056277589e-02
5.129085093300529419e-01,4.293962521230610535e-02
5.762267283493881509e-01,5.865888963905982467e-02
6.473615399712076002e-01,7.862210271076201795e-02
7.272778974247632311e-01,1.034222188772499634e-01
8.170598767824696074e-01,1.335587646856627453e-01
9.179253825967482738e-01,1.693787462103077956e-01
1.031242668938096685e+00,2.110181283529085627e-01
1.158548899944469746e+00,2.583506152300985570e-01
1.301571001658303750e+00,3.109510081879193200e-01
1.462249088009145437e+00,3.680800798406663743e-01
1.642762778718470651e+00,4.286965212365005939e-01
1.845560766132583463e+00,4.914990355486278939e-01
2.073394032061649739e+00,5.549981601191295022e-01
2.329353165215711119e+00,6.176132151737919740e-01
2.616910285453700080e+00,6.777854851421297733e-01
2.939966143553497613e+00,7.340951591507492990e-01
3.302903035417698696e+00,7.853676072424301546e-01
3.710644248503383036e+00,8.307550028326056157e-01
4.168720846874620634e+00,8.697824164550872483e-01
4.683346700825936182e+00,8.976869843552266470e-01
5.261502778863538232e+00,9.205931149432615701e-01
5.911031845476362179e+00,9.395121479703202327e-01
6.640744849284789808e+00,9.547909082051860841e-01
7.460540444736607490e+00,9.668556842471955903e-01
8.381539268677865806e+00,9.761708882881481308e-01
9.416234793278331239e+00,9.832033508360286111e-01
1.057866280165168682e+01,9.883945109037793886e-01
1.188459178512981573e+01,9.921413352805530383e-01
1.335173684495568658e+01,9.947855953364277415e-01
1.500000000000000000e+01,9.966102760797181936e-01
