5.000000000000000971e-02,1.134309088094371870e-04
5.617246720102575530e-02,1.543875280457318393e-04
6.310692142900625745e-02,2.090501429817956055e-04
7.089742948257125865e-02,2.816006225679533676e-04
7.964967064493538862e-02,3.773528885688858035e-04
8.948237023750268970e-02,5.030110990641269500e-04
1.005289101447232603e-01,6.669715053807152849e-04
1.129391381571866332e-01,8.796708056296047339e-04
1.268814006769335978e-01,1.153982543863819226e-03
1.425448263589051412e-01,1.505661313864839002e-03
1.601418916664301417e-01,1.953832164167531530e-03
1.799113031428553333e-01,2.521519632792154457e-03
2.021212354977167946e-01,3.236207266373356158e-03
2.270729694325258896e-01,4.130414343156756270e-03
2.551049785537616854e-01,5.242271920933651991e-03
2.865975208125910445e-01,6.616075429896461219e-03
3.219777967548111963e-01,8.302786054355665302e-03
3.617257445533632598e-01,1.036044839170026204e-02
4.063805504338082186e-01,1.285448769963757308e-02
4.565479628075576612e-01,1.585784685131939875e-02
5.129085093300529419e-01,1.945092135028472780e-02
5.762267283493881509e-01,2.372125085387638554e-02
6.473615399712076002e-01,2.876292802441173663e-02
7.272778974247632311e-01,3.467569051133214536e-02
8.170598767824696074e-01,4.156366969293169567e-02
9.179253825967482738e-01,4.953378054970319910e-02
1.031242668938096685e+00,5.869375059287201823e-02
1.158548899944469746e+00,6.914980180893903761e-02
1.301571001658303750e+00,8.100401755677595628e-02
1.462249088009145437e+00,9.435144550020262144e-02
1.642762778718470651e+00,1.092770070109979619e-01
1.845560766132583463e+00,1.258523019157734846e-01
2.073394032061649739e+00,1.441324137734182331e-01
2.329353165215711119e+00,1.641528338308133050e-01
2.616910285453700080e+00,1.859266302582150421e-01
2.939966143553497613e+00,2.094419922204923123e-01
3.302903035417698696e+00,2.346602750555667471e-01
3.710644248503383036e+00,2.615146628932040196e-01
4.168720846874620634e+00,2.899095484258903954e-01
4.683346700825936182e+00,3.197207066251776530e-01
5.261502778863538232e+00,3.507963107868961594e-01
5.911031845476362179e+00,3.829588065838626099e-01
6.640744849284789808e+00,4.160076243360631421e-01
7.460540444736607490e+00,4.497226732572388586e-01
8.381539268677865806e+00,4.838685259311470421e-01
9.416234793278331239e+00,5.181991686671240105e-01
1.057866280165168682e+01,5.524631655456128110e-01
1.188459178512981573e+01,5.864090625392518463e-01
1.335173684495568658e+01,6.197908444113695570e-01
1.500000000000000000e+01,6.523732520668259482e-01
