5.000000000000000971e-02,3.542715855112649453e-07
5.617246720102575530e-02,5.978494333793382836e-07
6.310692142900625745e-02,9.973544496510799342e-07
7.089742948257125865e-02,1.644946905185718663e-06
7.964967064493538862e-02,2.682527120739829342e-06
8.948237023750268970e-02,4.325878459798812476e-06
1.005289101447232603e-01,6.899114964815871673e-06
1.129391381571866332e-01,1.088316131041693745e-05
1.268814006769335978e-01,1.698305598305572902e-05
1.425448263589051412e-01,2.622012624990062953e-05
1.601418916664301417e-01,4.005653173675641655e-05
1.799113031428553333e-01,6.056129039798674983e-05
2.021212354977167946e-01,9.062863928185138716e-05
2.270729694325258896e-01,1.342613619520164486e-04
2.551049785537616854e-01,1.969334098509549795e-04
2.865975208125910445e-01,2.860475755834877127e-04
3.219777967548111963e-01,4.115048929124366802e-04
3.617257445533632598e-01,5.864025116842115767e-04
4.063805504338082186e-01,8.278756076183596503e-04
4.565479628075576612e-01,1.158095929079284471e-03
5.129085093300529419e-01,1.605434271237671630e-03
5.762267283493881509e-01,2.205785875235362088e-03
6.473615399712076002e-01,3.004045867898865081e-03
7.272778974247632311e-01,4.055705892826959660e-03
8.170598767824696074e-01,5.428522789609665708e-03
9.179253825967482738e-01,7.204185717804031594e-03
1.031242668938096685e+00,9.479880250168895572e-03
1.158548899944469746e+00,1.236961819365251306e-02
1.301571001658303750e+00,1.600517264844290508e-02
1.462249088009145437e+00,2.053643243178581920e-02
1.642762778718470651e+00,2.613097266262292412e-02
1.845560766132583463e+00,3.297263378719600402e-02
2.073394032061649739e+00,4.125891449517138376e-02
2.329353165215711119e+00,5.119701915703489536e-02
2.616910285453700080e+00,6.299846059522949682e-02
2.939966143553497613e+00,7.687220499078509239e-02
3.302903035417698696e+00,9.301645538432544436e-02
3.710644248503383036e+00,1.116092979366671289e-01
4.168720846874620634e+00,1.327985716276611772e-01
4.683346700825936182e+00,1.566914548960610110e-01
5.261502778863538232e+00,1.833443770543019546e-01
5.911031845476362179e+00,2.127539425400248041e-01
6.640744849284789808e+00,2.448495877014434940e-01
7.460540444736607490e+00,2.794886616121663447e-01
8.381539268677865806e+00,3.164545283914413365e-01
9.416234793278331239e+00,3.554581295207728253e-01
1.057866280165168682e+01,3.961432291955678808e-01
1.188459178512981573e+01,4.380953097970683441e-01
1.335173684495568658e+01,4.808538102934797331e-01
1.500000000000000000e+01,5.239271339162427932e-01
