5.000000000000000971e-02,1.919328087439740708e-04
5.617246720102575530e-02,2.814561156189850045e-04
6.310692142900625745e-02,4.062018626102855789e-04
7.089742948257125865e-02,5.773575509716277190e-04
7.964967064493538862e-02,8.088665100148660506e-04
8.948237023750268970e-02,1.118037678396547815e-03
1.005289101447232603e-01,1.526394189713810128e-03
1.129391381571866332e-01,2.060888582556708905e-03
1.268814006769335978e-01,2.755644798105074452e-03
1.425448263589051412e-01,3.654405969115066301e-03
1.601418916664301417e-01,4.813859329152829318e-03
1.799113031428553333e-01,6.307960957765072589e-03
2.021212354977167946e-01,8.233280311770960549e-03
2.270729694325258896e-01,1.071521921457144026e-02
2.551049785537616854e-01,1.391473295184654513e-02
2.865975208125910445e-01,1.803490639990175393e-02
3.219777967548111963e-01,2.332644596959383698e-02
3.617257445533632598e-01,3.009088557748574450e-02
4.063805504338082186e-01,3.868013238398168574e-02
4.565479628075576612e-01,4.949096210940695517e-02
5.129085093300529419e-01,6.295327473647918670e-02
5.762267283493881509e-01,7.951137858820758741e-02
6.473615399712076002e-01,9.959828670934578465e-02
7.272778974247632311e-01,1.236039377312495302e-01
8.170598767824696074e-01,1.518392935199286975e-01
9.179253825967482738e-01,1.844992693759049396e-01
1.031242668938096685e+00,2.216282412868262885e-01
1.158548899944469746e+00,2.630922709763710010e-01
1.301571001658303750e+00,3.085620525103329181e-01
1.462249088009145437e+00,3.575098462794717991e-01
1.642762778718470651e+00,4.092223589161420594e-01
1.845560766132583463e+00,4.628297907106097009e-01
2.073394032061649739e+00,5.173493389213372762e-01
2.329353165215711119e+00,5.717396072220541914e-01
2.616910285453700080e+00,6.249609247845024917e-01
2.939966143553497613e+00,6.760357670071933667e-01
3.302903035417698696e+00,7.241034351393733637e-01
3.710644248503383036e+00,7.684639031329579817e-01
4.168720846874620634e+00,8.086071511095003217e-01
4.683346700825936182e+00,8.442261405493640680e-01
5.261502778863538232e+00,8.752135496340893717e-01
5.911031845476362179e+00,9.016441777118183731e-01
6.640744849284789808e+00,9.237462975579240343e-01
7.460540444736607490e+00,9.418660280646777849e-01
8.381539268677865806e+00,9.564289747669681985e-01
9.416234793278331239e+00,9.679030033720151804e-01
1.057866280165168682e+01,9.767652142072386079e-01
1.188459178512981573e+01,9.834751575225781917e-01
1.335173684495568658e+01,9.884552579370432523e-01
1.500000000000000000e+01,9.920784578940444742e-01
