5.000000000000000971e-02,5.345170785622864500e-07
5.617246720102575530e-02,1.220573685674651317e-06
6.310692142900625745e-02,2.697111684715598854e-06
7.089742948257125865e-02,5.769035663201866201e-06
7.964967064493538862e-02,1.194921399786694980e-05
8.948237023750268970e-02,2.397730660052273217e-05
1.005289101447232603e-01,4.663542778204458623e-05
1.129391381571866332e-01,8.797483408416674651e-05
1.268814006769335978e-01,1.610830593538444195e-04
1.425448263589051412e-01,2.865288487030958980e-04
1.601418916664301417e-01,4.956256441627453603e-04
1.799113031428553333e-01,8.346625979991372001e-04
2.021212354977167946e-01,1.370279162937294805e-03
2.270729694325258896e-01,2.196215199373520357e-03
2.551049785537616854e-01,3.441742499433437987e-03
2.865975208125910445e-01,5.282123385701818254e-03
3.219777967548111963e-01,7.951339438654909247e-03
3.617257445533632598e-01,1.175693265281933797e-02
4.063805504338082186e-01,1.709594540990097208e-02
4.565479628075576612e-01,2.446956489777720942e-02
5.129085093300529419e-01,3.449230135198279312e-02
5.762267283493881509e-01,4.788977469924354108e-02
6.473615399712076002e-01,6.547815682706778495e-02
7.272778974247632311e-01,8.811887144445401665e-02
8.170598767824696074e-01,1.166450025328299722e-01
9.179253825967482738e-01,1.517611994273357356e-01
1.031242668938096685e+00,1.939260468531907033e-01
1.158548899944469746e+00,2.432333186471432596e-01
1.301571001658303750e+00,2.993140228634550426e-01
1.462249088009145437e+00,3.612824159223514964e-01
1.642762778718470651e+00,4.277447584300572148e-01
1.845560766132583463e+00,4.968795697005574663e-01
2.073394032061649739e+00,5.665843787514472929e-01
2.329353165215711119e+00,6.346697813111532582e-01
2.616910285453700080e+00,6.990708115801671507e-01
2.939966143553497613e+00,7.580413121337231663e-01
3.302903035417698696e+00,8.103004400590319012e-01
3.710644248503383036e+00,8.551107412613261349e-01
4.168720846874620634e+00,8.922814904646348966e-01
4.683346700825936182e+00,9.221054104745762814e-01
5.261502778863538232e+00,9.452479157446226354e-01
5.911031845476362179e+00,9.626134617115016390e-01
6.640744849284789808e+00,9.752130219584356219e-01
7.460540444736607490e+00,9.840514013369514590e-01
8.381539268677865806e+00,9.900452479662021910e-01
9.416234793278331239e+00,9.939746187881081108e-01
1.057866280165168682e+01,9.964646003491367532e-01
1.188459178512981573e+01,9.979897009559618448e-01
1.335173684495568658e+01,9.988925299019084658e-01
1.500000000000000000e+01,9.994090580772841959e-01
