5.000000000000000971e-02,5.375291839862792083e-03
5.617246720102575530e-02,6.912402457018531308e-03
6.310692142900625745e-02,8.825507589008605575e-03
7.089742948257125865e-02,1.118800363544146352e-02
7.964967064493538862e-02,1.408284329623581653e-02
8.948237023750268970e-02,1.760279284258129198e-02
1.005289101447232603e-01,2.185061637153644029e-02
1.129391381571866332e-01,2.693931259872110739e-02
1.268814006769335978e-01,3.299262707553765606e-02
1.425448263589051412e-01,4.014617555848696423e-02
1.601418916664301417e-01,4.854961490797666396e-02
1.799113031428553333e-01,5.837033369631566132e-02
2.021212354977167946e-01,6.979902597786336038e-02
2.270729694325258896e-01,8.305716160834629436e-02
2.551049785537616854e-01,9.840569007156055314e-02
2.865975208125910445e-01,1.161532894139061661e-01
3.219777967548111963e-01,1.366612022165182017e-01
3.617257445533632598e-01,1.603404740687756624e-01
4.063805504338082186e-01,1.876367064625322212e-01
4.565479628075576612e-01,2.189978498961772935e-01
5.129085093300529419e-01,2.548226187346239180e-01
5.762267283493881509e-01,2.953909947432739047e-01
6.473615399712076002e-01,3.407835900787856698e-01
7.272778974247632311e-01,3.908022289979750097e-01
8.170598767824696074e-01,4.298281522341186878e-01
9.179253825967482738e-01,4.617533711799017837e-01
1.031242668938096685e+00,4.986077023524593255e-01
1.158548899944469746e+00,5.398443208255031545e-01
1.301571001658303750e+00,5.845659306641340924e-01
1.462249088009145437e+00,6.315760868913367077e-01
1.642762778718470651e+00,6.794728151271519634e-01
1.845560766132583463e+00,7.267726791316493351e-01
2.073394032061649739e+00,7.720471959692083441e-01
2.329353165215711119e+00,8.140509048819676297e-01
2.616910285453700080e+00,8.518221525961242602e-01
2.939966143553497613e+00,8.847432941396010664e-01
3.302903035417698696e+00,9.125550423558612678e-01
3.710644248503383036e+00,9.353281092382738082e-01
4.168720846874620634e+00,9.534021210504495247e-01
4.683346700825936182e+00,9.673057248620647863e-01
5.261502778863538232e+00,9.776724112152612722e-01
5.911031845476362179e+00,9.851643160965800616e-01
6.640744849284789808e+00,9.904122002031499061e-01
7.460540444736607490e+00,9.939752005294750781e-01
8.381539268677865806e+00,9.963198994960202892e-01
9.416234793278331239e+00,9.978154389664039003e-01
1.057866280165168682e+01,9.987400268020149019e-01
1.188459178512981573e+01,9.992940627281735599e-01
1.335173684495568658e+01,9.996158486794695097e-01
1.500000000000000000e+01,9.997969975261123965e-01
