5.000000000000000971e-02,1.416349173456815603e-04
5.617246720102575530e-02,2.157749345754247103e-04
6.310692142900625745e-02,3.251623244887269460e-04
7.089742948257125865e-02,4.847675124193300466e-04
7.964967064493538862e-02,7.150843753472829311e-04
8.948237023750268970e-02,1.043801756478154874e-03
1.005289101447232603e-01,1.507827250236837540e-03
1.129391381571866332e-01,2.155673667529724516e-03
1.268814006769335978e-01,3.050188031244174033e-03
1.425448263589051412e-01,4.271559232954687084e-03
1.601418916664301417e-01,5.920482911405833965e-03
1.799113031428553333e-01,8.121291863282016285e-03
2.021212354977167946e-01,1.102478114655045319e-02
2.270729694325258896e-01,1.481037596604470666e-02
2.551049785537616854e-01,1.968721785543024044e-02
2.865975208125910445e-01,2.589369410014787792e-02
3.219777967548111963e-01,3.369492229160966912e-02
3.617257445533632598e-01,4.337774193981425164e-02
4.063805504338082186e-01,5.524287118237201227e-02
4.565479628075576612e-01,6.959406625175382222e-02
5.129085093300529419e-01,8.672437435341617817e-02
5.762267283493881509e-01,1.068998910950537673e-01
6.473615399712076002e-01,1.303418208934568334e-01
7.272778974247632311e-01,1.572081154619712762e-01
8.170598767824696074e-01,1.875765583780295842e-01
9.179253825967482738e-01,2.214317237696887819e-01
1.031242668938096685e+00,2.586580425502136293e-01
1.158548899944469746e+00,2.990389010768673139e-01
1.301571001658303750e+00,3.422568863161797315e-01
1.462249088009145437e+00,3.878867859822350272e-01
1.642762778718470651e+00,4.353785676409647754e-01
1.845560766132583463e+00,4.840444995729075162e-01
2.073394032061649739e+00,5.330782169847557705e-01
2.329353165215711119e+00,5.816218248486727527e-01
2.616910285453700080e+00,6.288612084000072544e-01
2.939966143553497613e+00,6.741038640642134094e-01
3.302903035417698696e+00,7.168072831669618505e-01
3.710644248503383036e+00,7.565648736101725502e-01
4.168720846874620634e+00,7.930803609916411423e-01
4.683346700825936182e+00,8.261536993872440338e-01
5.261502778863538232e+00,8.556801566167400175e-01
5.911031845476362179e+00,8.816523748641170721e-01
6.640744849284789808e+00,9.041569006857504975e-01
7.460540444736607490e+00,9.233631211155208796e-01
8.381539268677865806e+00,9.395066872197409547e-01
9.416234793278331239e+00,9.528704268587585569e-01
1.057866280165168682e+01,9.637651723114847302e-01
1.188459178512981573e+01,9.725121481490252018e-01
1.335173684495568658e+01,9.794279503469449644e-01
1.500000000000000000e+01,9.848126767575746676e-01
