5.000000000000000971e-02,1.218905840109195480e-03
5.617246720102575530e-02,1.526001522246178081e-03
6.310692142900625745e-02,1.907560282650632051e-03
7.089742948257125865e-02,2.380923606363437826e-03
7.964967064493538862e-02,2.966988309332398936e-03
8.948237023750268970e-02,3.691054222001151439e-03
1.005289101447232603e-01,4.584367009762582885e-03
1.129391381571866332e-01,5.686951292058412162e-03
1.268814006769335978e-01,7.052558364291664980e-03
1.425448263589051412e-01,8.756720273134245211e-03
1.601418916664301417e-01,1.090889766645113633e-02
1.799113031428553333e-01,1.366939173714053213e-02
2.021212354977167946e-01,1.727091547720091547e-02
2.270729694325258896e-01,2.204338844387362245e-02
2.551049785537616854e-01,2.843865699179413259e-02
2.865975208125910445e-01,3.704967942383199236e-02
3.219777967548111963e-01,4.861674818908695572e-02
3.617257445533632598e-01,6.397422525321008746e-02
4.063805504338082186e-01,8.409291903638835275e-02
4.565479628075576612e-01,1.099457637072783073e-01
5.129085093300529419e-01,1.423968364512849805e-01
5.762267283493881509e-01,1.820779268873472523e-01
6.473615399712076002e-01,2.292521639832736380e-01
7.272778974247632311e-01,2.836972059751819986e-01
8.170598767824696074e-01,3.446339147174228845e-01
9.179253825967482738e-01,4.107221646160094108e-01
1.031242668938096685e+00,4.801349499919750907e-01
1.158548899944469746e+00,5.507071074097015240e-01
1.301571001658303750e+00,6.201392666510361362e-01
1.462249088009145437e+00,6.862252678146090190e-01
1.642762778718470651e+00,7.470657492086936191e-01
1.845560766132583463e+00,8.012335651493879274e-01
2.073394032061649739e+00,8.478673175200964751e-01
2.329353165215711119e+00,8.866845787313916150e-01
2.616910285453700080e+00,9.179221911255699418e-01
2.939966143553497613e+00,9.422234079127413953e-01
3.302903035417698696e+00,9.604980460299559208e-01
3.710644248503383036e+00,9.737816799407276180e-01
4.168720846874620634e+00,9.831144757620510211e-01
4.683346700825936182e+00,9.894519299579997984e-01
5.261502778863538232e+00,9.936111237185143441e-01
5.911031845476362179e+00,9.962491495834835398e-01
6.640744849284789808e+00,9.978661491326603628e-01
7.460540444736607490e+00,9.988239781048178223e-01
8.381539268677865806e+00,9.993722554692091586e-01
9.416234793278331239e+00,9.996755291469728855e-01
1.057866280165168682e+01,9.998376278858622790e-01
1.188459178512981573e+01,9.999213469178021008e-01
1.335173684495568658e+01,9.999631259317736109e-01
1.500000000000000000e+01,9.999832711527283369e-01
