5.000000000000000971e-02,6.470410116167370089e-06
5.617246720102575530e-02,1.037672950477793241e-05
6.310692142900625745e-02,1.647511822228870298e-05
7.089742948257125865e-02,2.589761806954622299e-05
7.964967064493538862e-02,4.030653802257605218e-05
8.948237023750268970e-02,6.211460769927936159e-05
1.005289101447232603e-01,9.478280556613432163e-05
1.129391381571866332e-01,1.432170022925032449e-04
1.268814006769335978e-01,2.142875818794446013e-04
1.425448263589051412e-01,3.174984223847447358e-04
1.601418916664301417e-01,4.658323315598021912e-04
1.799113031428553333e-01,6.767983541638257017e-04
2.021212354977167946e-01,9.737012617919535602e-04
2.270729694325258896e-01,1.387143898008879033e-03
2.551049785537616854e-01,1.956757841060698458e-03
2.865975208125910445e-01,2.733136278254950924e-03
3.219777967548111963e-01,3.779914770363602006e-03
3.617257445533632598e-01,5.175911194459519721e-03
4.063805504338082186e-01,7.017197084585510662e-03
4.565479628075576612e-01,9.418931555994727867e-03
5.129085093300529419e-01,1.251675000894411117e-02
5.762267283493881509e-01,1.646746805455604964e-02
6.473615399712076002e-01,2.144884261812133805e-02
7.272778974247632311e-01,2.765813321677343395e-02
8.170598767824696074e-01,3.530923262978681587e-02
9.179253825967482738e-01,4.462819161659605655e-02
1.031242668938096685e+00,5.584704838556338313e-02
1.158548899944469746e+00,6.919598807446822319e-02
1.301571001658303750e+00,8.489399449341200610e-02
1.462249088009145437e+00,1.031383058170540351e-01
1.642762778718470651e+00,1.240931346088870318e-01
1.845560766132583463e+00,1.478782454176938987e-01
2.073394032061649739e+00,1.745580848816524477e-01
2.329353165215711119e+00,2.041322160517479167e-01
2.616910285453700080e+00,2.365278099173874216e-01
2.939966143553497613e+00,2.715948866777754267e-01
3.302903035417698696e+00,3.091048760815828800e-01
3.710644248503383036e+00,3.487528845893078655e-01
4.168720846874620634e+00,3.901638272385806738e-01
4.683346700825936182e+00,4.329000013365073563e-01
5.261502778863538232e+00,4.764412940126621643e-01
5.911031845476362179e+00,5.203028422358914051e-01
6.640744849284789808e+00,5.639562818809298328e-01
7.460540444736607490e+00,6.068791832479908388e-01
8.381539268677865806e+00,6.485737905735083908e-01
9.416234793278331239e+00,6.885844160043849138e-01
1.057866280165168682e+01,7.265124610016904239e-01
1.188459178512981573e+01,7.620282226598797948e-01
1.335173684495568658e+01,7.948788967677850037e-01
1.500000000000000000e+01,8.248924870002400933e-01
