PGA,RES1,RES2,RES3,RES4,RES5,RES6,COM1,COM2,COM3,COM4,COM5,COM6,COM7,COM8,COM9,COM10,IND1,IND2,IND3,IND4,IND5,IND6,GOV1,GOV2,EDU1,EDU2
0.05000000000000001,0.06107340807981554,0.021145640115354695,0.07795252206287798,0.05802867236572665,0.05802867236572665,0.07795252206287798,0.05211211883890509,0.05211211883890509,0.05211211883890509,0.07319176302885194,0.06347190189881541,0.09462455388015262,0.08004476218509782,0.06347190189881541,0.06347190189881541,0.03432747670568909,0.05084434963783343,0.05084434963783343,0.05084434963783343,0.05084434963783343,0.08384806978831279,0.04035942726200177,0.05802867236572665,0.04571232964046672,0.05802867236572665,0.07795252206287798
0.056172467201025755,0.10880185530981815,0.036982960381074285,0.13840993776788796,0.1016670890680193,0.1016670890680193,0.13840993776788796,0.090614969364999,0.090614969364999,0.090614969364999,0.12593874867043736,0.10793864884364741,0.16463646340323798,0.137636313663053,0.10793864884364741,0.10793864884364741,0.06046884255551359,0.08829897599040912,0.08829897599040912,0.08829897599040912,0.08829897599040912,0.1445842937868227,0.06969263024724584,0.1016670890680193,0.07955265248049233,0.1016670890680193,0.13840993776788796
0.06310692142900626,0.18998087998060906,0.06352802600133324,0.24106030923582666,0.1747020351800939,0.1747020351800939,0.24106030923582666,0.1545184447898849,0.1545184447898849,0.1545184447898849,0.21265102344183145,0.1800740645675188,0.2810275469010096,0.2321621085895406,0.1800740645675188,0.1800740645675188,0.10447768705573893,0.15038732196185034,0.15038732196185034,0.15038732196185034,0.15038732196185034,0.24455547707364428,0.11810135866588292,0.1747020351800939,0.13584554967071144,0.1747020351800939,0.24106030923582666
0.07089742948257126,0.32515564054131446,0.10718387906812965,0.41181977207082127,0.29444726671399946,0.29444726671399946,0.41181977207082127,0.25840897583618605,0.25840897583618605,0.25840897583618605,0.35240250599294254,0.2947791103167419,0.47064851971047067,0.3842134261961698,0.2947791103167419,0.2947791103167419,0.177066630090393,0.25121394090339033,0.25121394090339033,0.25121394090339033,0.25121394090339033,0.4057985309945571,0.19642983108152534,0.29444726671399946,0.22762935452825175,0.29444726671399946,0.41181977207082127
0.07964967064493539,0.545507536885538,0.17762333440406525,0.6901007200762038,0.4867652078217215,0.4867652078217215,0.6901007200762038,0.4238460559730797,0.4238460559730797,0.4238460559730797,0.5732181277885778,0.4735916052048669,0.7733742717160106,0.623934487840444,0.4735916052048669,0.4735916052048669,0.2943669984344831,0.41161026572805665,0.41161026572805665,0.41161026572805665,0.41161026572805665,0.6606418585755132,0.3206990045500383,0.4867652078217215,0.37430082915298046,0.4867652078217215,0.6901007200762038
0.08948237023750269,0.8971412981654758,0.2891165013247753,1.134337535056391,0.7893028199944848,0.7893028199944848,1.134337535056391,0.6818796622615638,0.6818796622615638,0.6818796622615638,0.9152718191049152,0.7468967941767811,1.2469387295469425,0.9943761921547413,0.7468967941767811,0.7468967941767811,0.4800628988603455,0.6615623731964928,0.6615623731964928,0.6615623731964928,0.6615623731964928,1.0553280593499543,0.5140121088596107,0.7893028199944848,0.6039992656107738,0.7893028199944848,1.134337535056391
0.10052891014472326,1.4464281462259045,0.46220602217063517,1.8289353593590836,1.2554223469636459,1.2554223469636459,1.8289353593590836,1.0760495072394647,1.0760495072394647,1.0760495072394647,1.4347086943620146,1.1565133946162818,1.9727766941446532,1.5554837445260539,1.1565133946162818,1.1565133946162818,0.7680356599625445,1.0431086872322808,1.0431086872322808,1.0431086872322808,1.0431086872322808,1.6543062045476056,0.8088681604227298,1.2554223469636459,0.9565012936832806,1.2554223469636459,1.8289353593590836
0.11293913815718663,2.286321381413429,0.7257207252139201,2.8925728525609244,1.9587068663250355,1.9587068663250355,2.8925728525609244,1.6657451996754056,1.6657451996754056,1.6657451996754056,2.20795542275264,1.7585495455546596,3.0626845777013556,2.388575761904385,1.7585495455546596,1.7585495455546596,1.2054728298136157,1.613597129492622,1.613597129492622,1.613597129492622,1.613597129492622,2.545019972452735,1.2498259092051358,1.9587068663250355,1.4865413185757685,1.9587068663250355,2.8925728525609244
0.1268814006769336,3.5433516816835926,1.1190568776731218,4.4875243478706075,2.997755828463564,2.997755828463564,4.4875243478706075,2.529679505718066,2.529679505718066,2.529679505718066,3.3362274142576562,2.626327433210617,4.6658695355923925,3.6010195640218337,2.626327433210617,2.626327433210617,1.856293737290319,2.4490716196175524,2.4490716196175524,2.4490716196175524,2.4490716196175524,3.8428432223233746,1.8963733846390372,2.997755828463564,2.267353188488906,2.997755828463564,4.4875243478706075
0.14254482635890514,5.384733659744667,1.6945704969725686,6.829306525234559,4.500780362187558,4.500780362187558,6.829306525234559,3.769075288463946,3.769075288463946,3.769075288463946,4.949751087808625,3.853062046933216,6.9756559060918715,5.3306223447787575,3.853062046933216,3.853062046933216,2.8046095112776004,3.6474139660800136,3.6474139660800136,3.6474139660800136,3.6474139660800136,5.695606311930555,2.825746956974908,4.500780362187558,3.3940788412399323,4.500780362187558,6.829306525234559
0.16014189166643014,8.024693963457079,2.51981848303843,10.195522677382957,6.629283637289544,6.629283637289544,10.195522677382957,5.510008916467749,5.510008916467749,5.510008916467749,7.211014430285416,5.5538605231401466,10.234790852432251,7.749059991714349,5.5538605231401466,5.5538605231401466,4.157779679977508,5.330715854359925,5.330715854359925,5.330715854359925,5.330715854359925,8.286939178037821,4.13531785690412,6.629283637289544,4.986524262798918,6.629283637289544,10.195522677382957
0.17991130314285533,11.728808187582331,3.6792724025258847,14.93232747711799,9.579905988764764,9.579905988764764,14.93232747711799,7.904218833429075,7.904218833429075,7.904218833429075,10.316174347730762,7.866503391466997,14.737993162630143,11.0634867282345,7.866503391466997,7.866503391466997,6.048471183532664,7.646224233119716,7.646224233119716,7.646224233119716,7.646224233119716,11.837470529162573,5.944041178006886,9.579905988764764,7.190589163943738,9.579905988764764,14.93232747711799
0.2021212354977168,16.814876045150786,5.275026911940536,21.45655362828696,13.583380850127465,13.583380850127465,21.45655362828696,11.127616801771474,11.127616801771474,11.127616801771474,14.493633527211358,10.950404200678737,20.830197613733144,15.51535362393421,10.950404200678737,10.950404200678737,8.635001191846365,10.765128375712598,10.765128375712598,10.765128375712598,10.765128375712598,16.60281890211084,8.392368989622605,13.583380850127465,10.17759280856494,13.583380850127465,21.45655362828696
0.2270729694325259,23.648756060291618,7.42596310212965,30.25134303154044,18.899547348416604,18.899547348416604,30.25134303154044,15.37577406823834,15.37577406823834,15.37577406823834,19.998808987156423,14.983150094261728,28.898951841994815,21.375463502652778,14.983150094261728,14.983150094261728,12.099193439830763,14.878478863999533,14.878478863999533,14.878478863999533,14.878478863999533,22.867349115369205,11.639998233887518,18.899547348416604,14.1407098719171,18.899547348416604,30.25134303154044
0.2551049785537617,32.63371090610989,10.264837613516935,41.853233908460794,25.807556559420266,25.807556559420266,41.853233908460794,20.85583279911173,20.85583279911173,20.85583279911173,27.104302327359264,20.15413246369723,39.3597077230999,28.93445292760685,20.15413246369723,20.15413246369723,16.64104189503969,20.189684097993897,20.189684097993897,20.189684097993897,20.189684097993897,30.932899030960343,15.860889759278958,25.807556559420266,19.287860882362686,25.807556559420266,41.853233908460794
0.28659752081259104,44.192253966429966,13.932880751184978,56.82917941574847,34.590828484675185,34.590828484675185,56.82917941574847,27.774634626287266,27.774634626287266,27.774634626287266,36.08508267739957,26.655004773282364,52.63336982337496,38.48825296719916,26.655004773282364,26.655004773282364,22.46969053139608,26.903339944377503,26.903339944377503,26.903339944377503,26.903339944377503,41.10213701292845,21.23518456893222,34.590828484675185,25.830701673487557,34.590828484675185,56.82917941574847
0.3219777967548112,58.74026630429083,18.571718974597587,75.74296809913051,45.51696515125124,45.51696515125124,75.74296809913051,36.32335373035999,36.32335373035999,36.32335373035999,47.1989073100269,34.66705769963967,69.11641880626469,50.31864439068386,34.66705769963967,34.66705769963967,29.790618691839327,35.210607667194665,35.210607667194665,35.210607667194665,35.210607667194665,53.656882580179825,27.937967985318515,45.51696515125124,33.96982796072313,45.51696515125124,75.74296809913051
0.36172574455336326,76.65423495265465,24.31278591945198,99.11195034721375,58.81364881393087,58.81364881393087,99.11195034721375,46.659524546047614,46.659524546047614,46.659524546047614,60.66298319431079,44.3460584293315,89.14514041108626,64.66975326361734,44.3460584293315,44.3460584293315,38.789451071422306,45.271924380348935,45.271924380348935,45.271924380348935,45.271924380348935,68.83255376071337,36.12527689421741,58.81364881393087,43.8769187587083,58.81364881393087,99.11195034721375
0.4063805504338082,98.23373231369571,31.264820118871285,127.35670500164272,74.64244291660282,74.64244291660282,127.35670500164272,58.88797813116466,58.88797813116466,58.88797813116466,76.62871325229378,55.80561039069344,112.9567995427497,81.7221452503492,55.80561039069344,55.80561039069344,49.613433740770596,57.19843210577727,57.19843210577727,57.19843210577727,57.19843210577727,86.79078332651139,45.91826265526582,74.64244291660282,55.67520698477826,74.64244291660282,127.35670500164272
0.45654796280755766,123.66251887078926,39.50050535514401,160.74805109090215,93.07320948164053,93.07320948164053,160.74805109090215,73.04273103807444,73.04273103807444,73.04273103807444,95.15712608137665,69.10057318747948,140.65177252232888,101.56694318148311,69.10057318747948,69.10057318747948,62.35223858532866,71.03403955463075,71.03403955463075,71.03403955463075,71.03403955463075,107.59301763181418,57.3869345651559,93.07320948164053,69.42027133552776,93.07320948164053,160.74805109090215
0.5129085093300529,152.97266017007894,49.04370563826788,199.35728227880855,114.06237989840335,114.06237989840335,199.35728227880855,89.07218072786793,89.07218072786793,89.07218072786793,116.19808723174282,84.21244321269093,172.16142351427476,124.18295748569695,84.21244321269093,84.21244321269093,77.02025691837434,86.74036577836245,86.74036577836245,86.74036577836245,86.74036577836245,131.1784023342134,70.53531584470076,114.06237989840335,85.08355543356053,114.06237989840335,199.35728227880855
0.5762267283493882,186.01654844169383,59.858986342553564,243.0163136060009,137.43840264260172,137.43840264260172,243.0163136060009,106.82994433765518,106.82994433765518,106.82994433765518,139.57647676330805,101.03873569945279,207.22664102425574,149.42002942847284,101.03873569945279,101.03873569945279,93.54279275102351,104.1868500846856,104.1868500846856,104.1868500846856,104.1868500846856,157.3493121873816,85.29004179405104,137.43840264260172,102.54111257028543,137.43840264260172,243.0163136060009
0.6473615399712076,222.4515043076088,71.84511301290118,291.29427806432284,162.8972366660125,162.8972366660125,291.29427806432284,126.07327228763393,126.07327228763393,126.07327228763393,164.9880891656686,119.3882529124833,245.39128124884684,176.9915268690688,119.3882529124833,119.3882529124833,111.74846527871841,123.14798166269833,123.14798166269833,123.14798166269833,123.14798166269833,185.76739874387556,101.49433361073216,162.8972366660125,121.56976340335325,162.8972366660125,291.29427806432284
0.7272778974247632,261.7406101399373,84.83393172225246,343.4958365855602,190.00975500923778,190.00975500923778,343.4958365855602,146.4701849073138,146.4701849073138,146.4701849073138,192.00705586594654,138.98363948415334,286.01328294221105,206.47815836952122,138.98363948415334,138.98363948415334,131.36963028414584,143.30890281402404,143.30890281402404,143.30890281402404,143.30890281402404,215.96200464939045,118.9088513762888,190.00975500923778,141.85212699236945,190.00975500923778,343.4958365855602
0.8170598767824696,303.17165300889326,98.59546530716665,398.68412306295494,218.2414771024409,218.2414771024409,398.68412306295494,167.61540965455413,167.61540965455413,167.61540965455413,220.10520577436245,159.47184455996677,328.2940799896221,237.3440381680286,159.47184455996677,159.47184455996677,152.051758672427,164.27964506571783,164.27964506571783,164.27964506571783,164.27964506571783,247.3513319345375,137.22018872203765,218.2414771024409,162.9909167748967,218.2414771024409,398.68412306295494
0.9179253825967483,345.89375673020146,112.84927578329655,455.72812504513894,246.98337542971615,246.98337542971615,455.72812504513894,189.05400073038237,189.05400073038237,189.05400073038237,248.68216845448148,180.4421273609787,371.32445965695695,268.96439801670266,180.4421273609787,180.4421273609787,173.37157662129206,185.61711193232603,185.61711193232603,185.61711193232603,185.61711193232603,279.2750644108717,156.0568111665823,246.98337542971615,184.53163952784382,246.98337542971615,455.72812504513894
1.0312426689380967,388.968821549006,127.28126705063316,513.3708910372098,275.5908891465842,275.5908891465842,513.3708910372098,210.31040719021647,210.31040719021647,210.31040719021647,277.10346143676554,201.45020862596436,414.142619864967,300.6627406487652,201.45020862596436,201.45020862596436,194.86255384704836,206.8528169054053,206.8528169054053,206.8528169054053,206.8528169054053,311.0355115031987,175.0112094349535,275.5908891465842,205.9916108465725,275.5908891465842,513.3708910372098
1.1585488999444697,431.4326993928987,141.56428867916873,570.3118588002086,303.4270227967876,303.4270227967876,570.3118588002086,230.91992614347794,230.91992614347794,230.91992614347794,304.7425772569716,222.04626390955966,455.79831142527337,331.75384140415554,222.04626390955966,222.04626390955966,216.04523831149538,227.52352057877715,227.52352057877715,227.52352057877715,227.52352057877715,341.9430580982578,193.66611851205107,303.4270227967876,226.89223223568962,303.4270227967876,570.3118588002086
1.3015710016583038,472.35952458186046,155.38030594360794,625.2944015855945,329.9047569629271,329.9047569629271,625.2944015855945,250.4590952966996,250.4590952966996,250.4590952966996,331.0224370315119,241.80384582076445,495.4159754786831,361.58808866256186,241.80384582076445,241.80384582076445,236.45918230807644,247.20145211519292,247.20145211519292,247.20145211519292,247.20145211519292,371.3610182070818,211.62201618079524,329.9047569629271,246.79095188688885,329.9047569629271,625.2944015855945
1.4622490880091454,510.9220921211875,168.4416422901925,677.1888267416562,354.52408178490174,354.52408178490174,677.1888267416562,268.57172190675607,268.57172190675607,268.57172190675607,355.4516395434634,260.3466336426625,532.2499015566334,389.5923927054321,260.3466336426625,260.3466336426625,255.69293550023417,265.52083989920436,265.52083989920436,265.52083989920436,265.52083989920436,398.74503872808737,228.52288842265037,354.52408178490174,265.3093604021702,354.52408178490174,677.1888267416562
1.6427627787184707,546.4417402665183,180.50893234948649,725.061714632397,376.8997713223761,376.8997713223761,725.061714632397,284.98788890653213,284.98788890653213,284.98788890653213,377.6517020551409,277.3701858910093,565.7256223499465,415.3033481037492,277.3701858910093,277.3701858910093,273.40885281645035,282.1980109904363,282.1980109904363,282.1980109904363,282.1980109904363,423.67298185203674,244.07748334958336,376.8997713223761,282.1544519311203,376.8997713223761,725.061714632397
1.8455607661325835,578.42274857289,191.40392235375168,768.2245356334986,396.77739156381966,396.77739156381966,768.2245356334986,299.5343019695994,299.5343019695994,299.5343019695994,397.3728159316142,292.6565698698001,595.4637995296267,438.3894304369057,292.6565698698001,292.6565698698001,289.3602303783936,297.0432498137348,297.0432498137348,297.0432498137348,297.0432498137348,445.8625869044995,258.073930082839,396.77739156381966,297.1310990298847,396.77739156381966,768.2245356334986
2.0733940320616497,606.5685127205405,201.01602327035414,806.257535241036,414.03671596519735,414.03671596519735,806.257535241036,312.1355526525136,312.1355526525136,312.1355526525136,414.4972753052954,306.08073633022997,621.2853536178451,458.66054515524684,306.08073633022997,306.08073633022997,303.3993961952948,309.96376076505305,309.96376076505305,309.96376076505305,309.96376076505305,465.17592081762854,270.38655205693607,414.03671596519735,310.1450515277255,414.03671596519735,806.257535241036
2.329353165215711,630.7792843865473,209.30241307605607,839.0083560903017,428.6834024099701,428.6834024099701,839.0083560903017,322.80705559094844,322.80705559094844,322.80705559094844,429.03138136849606,317.60861742914665,643.1990930942181,476.064947185194,317.60861742914665,317.60861742914665,315.47663693290514,320.9582498841725,320.9582498841725,320.9582498841725,320.9582498841725,481.61136430552176,280.97477937475287,428.6834024099701,321.1970435324959,428.6834024099701,839.0083560903017
2.6169102854537,651.1336202214645,216.2823356727191,866.568145226827,440.8311796125055,440.8311796125055,866.568145226827,331.641376409846,331.641376409846,331.641376409846,441.08799841126813,327.2879590096018,661.3751788181396,490.67511971564,327.2879590096018,327.2879590096018,325.6310148104229,330.104631010177,330.104631010177,330.104631010177,330.104631010177,495.2853559146468,289.87507160880733,440.8311796125055,330.36966040881106,440.8311796125055,866.568145226827
2.9399661435534976,667.857487699705,222.02691273778012,889.2304366054171,450.677695162737,450.677695162737,889.2304366054171,338.7902661855889,338.7902661855889,338.7902661855889,450.86283717257606,335.23368811517264,676.109113749025,502.6653901629199,335.23368811517264,335.23368811517264,333.9750293523122,337.5430261588371,337.5430261588371,337.5430261588371,337.5430261588371,506.4071102431752,297.1875373737663,450.677695162737,337.8093204374871,450.677695162737,889.2304366054171
3.3029030354176987,681.2859874139167,226.64617803355125,907.4395569178253,458.47750255298337,458.47750255298337,907.4395569178253,344.44490457950167,344.44490457950167,344.44490457950167,458.6078748286482,341.6100579838357,687.7814399673075,512.2847147000887,341.6100579838357,341.6100579838357,340.67558677587454,343.45649828905806,343.45649828905806,343.45649828905806,343.45649828905806,515.2499335714195,303.0593756860276,458.47750255298337,343.7059917850378,458.47750255298337,907.4395569178253
3.710644248503383,691.8228071073277,230.2751313846344,921.735576261364,464.51544078666325,464.51544078666325,921.735576261364,348.8166565340126,348.8166565340126,348.8166565340126,464.60511452503283,346.6118759417077,696.8179980491797,519.828140174192,346.6118759417077,346.6118759417077,345.9338219882562,348.0518384237878,348.0518384237878,348.0518384237878,348.0518384237878,522.1225945048665,307.6673368099658,464.51544078666325,348.2731131881156,464.51544078666325,921.735576261364
4.168720846874621,699.9019247166392,233.0604230583058,932.7020465963095,469.08301372370954,469.08301372370954,932.7020465963095,352.120161117293,352.120161117293,352.120161117293,469.1432617178937,350.4468481160949,703.6546445826565,525.6100241799581,350.4468481160949,350.4468481160949,349.9660243568656,351.5423074521656,351.5423074521656,351.5423074521656,351.5423074521656,527.3435851753404,311.20114870686126,469.08301372370954,351.72970934934,469.08301372370954,932.7020465963095
4.683346700825936,705.9549495539269,235.14889578246292,940.9212452698595,472.45948830190815,472.45948830190815,940.9212452698595,354.5599257995408,354.5599257995408,354.5599257995408,472.4990262949608,353.3205663646009,708.7090014493886,529.9413115538488,353.3205663646009,353.3205663646009,352.9873592752266,354.13362665687663,354.13362665687663,354.13362665687663,354.13362665687663,531.2202089818412,313.8493738185185,472.45948830190815,354.28602569974544,472.45948830190815,940.9212452698595
5.261502778863538,710.386112300707,236.6787305473315,946.9397545600063,474.89849109507446,474.89849109507446,946.9397545600063,356.32092869668816,356.32092869668816,356.32092869668816,474.9238353004587,355.42504094182425,712.3604087453037,533.1122172073523,355.42504094182425,355.42504094182425,355.19939220169954,356.0138513766055,356.0138513766055,356.0138513766055,356.0138513766055,534.0334491676003,315.7885692782905,474.89849109507446,356.13329626463974,474.89849109507446,946.9397545600063
5.911031845476362,713.555555623228,237.7734611516827,951.2453365994787,476.6200506733962,476.6200506733962,951.2453365994787,357.5631452919369,357.5631452919369,357.5631452919369,476.63591903151195,356.93106770146437,714.9380101891521,535.3807331940807,356.93106770146437,356.93106770146437,356.78174490114293,357.3471633090741,357.3471633090741,357.3471633090741,357.3471633090741,536.028679142669,317.17603794733526,476.6200506733962,357.43762502878917,476.6200506733962,951.2453365994787
6.64074484928479,715.770446744799,238.5387176502218,954.2544983078957,477.807413140821,477.807413140821,954.2544983078957,358.4194853204418,358.4194853204418,358.4194853204418,477.8171176080626,357.98420532075994,716.7159719448522,536.9666035138983,357.98420532075994,357.98420532075994,357.8876494892099,358.2711571648007,358.2711571648007,358.2711571648007,358.2711571648007,537.4115879808219,318.1459685012514,477.807413140821,358.3374861897542,477.807413140821,954.2544983078957
7.4605404447366075,717.2826516969897,239.0612755016516,956.3090531722228,478.60759190145086,478.60759190145086,956.3090531722228,358.99637642761405,358.99637642761405,358.99637642761405,478.61338878867144,358.7037814407584,717.9142862957866,538.0498752739171,358.7037814407584,358.7037814407584,358.6427750703,358.8969124695887,358.8969124695887,358.8969124695887,358.8969124695887,538.3482671479933,318.80842300863975,478.60759190145086,358.9440653879864,478.60759190145086,956.3090531722228
8.381539268677866,718.2913081892561,239.40983774588227,957.6794202201454,479.1344873648104,479.1344873648104,957.6794202201454,359.3761525013172,359.3761525013172,359.3761525013172,479.13786955817994,359.18416150551406,718.7034221439004,538.7728600649016,359.18416150551406,359.18416150551406,359.1464996429704,359.3110281049263,359.3110281049263,359.3110281049263,359.3110281049263,538.9682332540742,319.2504539172877,479.1344873648104,359.34356392882785,479.1344873648104,957.6794202201454
9.416234793278331,718.9485670272577,239.63694781381167,958.5722978346887,479.47347764534356,479.47347764534356,958.5722978346887,359.62045922451586,359.62045922451586,359.62045922451586,479.475405078663,359.49748203150904,719.211180184675,539.2442956139441,359.49748203150904,359.49748203150904,359.4747653719587,359.5788243490737,359.5788243490737,359.5788243490737,359.5788243490737,539.3692002402704,319.5386012401566,479.47347764534356,359.6006337149447,479.47347764534356,958.5722978346887
10.578662801651687,719.3669527990821,239.7814899157066,959.1405907511831,479.6865697101557,479.6865697101557,959.1405907511831,359.7740289513867,359.7740289513867,359.7740289513867,479.6876425490102,359.6971318129448,719.5303909846608,539.5446248805628,359.6971318129448,359.6971318129448,359.6837446092547,359.74803895895457,359.74803895895457,359.74803895895457,359.74803895895457,539.6225948578591,319.72209743990294,479.6865697101557,359.7622510059783,479.6865697101557,959.1405907511831
11.884591785129816,719.6271197631766,239.87134579388922,959.493910343928,479.8174447140712,479.8174447140712,959.493910343928,359.8683539648094,359.8683539648094,359.8683539648094,479.8180279719754,359.8214134026272,719.726458700059,539.7315368460364,359.8214134026272,359.8214134026272,359.8137056960643,359.85251269144726,359.85251269144726,359.85251269144726,359.85251269144726,539.7790606661229,319.83624749971654,479.8174447140712,359.86152114510287,479.8174447140712,959.493910343928
13.351736844955687,719.7851536472232,239.92590716929845,959.7084802002427,479.89597694298203,479.89597694298203,959.7084802002427,359.9249633279277,359.9249633279277,359.9249633279277,479.8962866524912,359.896989739671,719.8441202692277,539.8451748999973,359.896989739671,359.896989739671,359.89265425098887,359.91553556200574,359.91553556200574,359.91553556200574,359.91553556200574,539.8734581977632,319.9056138226993,479.89597694298203,359.92109240350925,479.89597694298203,959.7084802002427
15.0,719.8789227451168,239.95826680750204,959.8357619034406,479.9420167530282,479.9420167530282,959.8357619034406,359.9581588263278,359.9581588263278,359.9581588263278,479.9421773779524,359.9418839399433,719.9131054420044,539.9126652849907,359.9418839399433,359.9418839399433,359.9395015287895,359.95268032255825,359.95268032255825,359.95268032255825,359.95268032255825,539.9291007962995,319.9467887002747,479.9420167530282,359.95601735256037,479.9420167530282,959.8357619034406
