5.000000000000000971e-02,6.560203150909564081e-08
5.617246720102575530e-02,1.206703292625999173e-07
6.310692142900625745e-02,2.200465725483227757e-07
7.089742948257125865e-02,3.978725449564112304e-07
7.964967064493538862e-02,7.134300787939954184e-07
8.948237023750268970e-02,1.268742440417688914e-06
1.005289101447232603e-01,2.237775285084444963e-06
1.129391381571866332e-01,3.914299038183760465e-06
1.268814006769335978e-01,6.789313090654329773e-06
1.425448263589051412e-01,1.167451092397893177e-05
1.601418916664301417e-01,1.989613067773148090e-05
1.799113031428553333e-01,3.359424356425751179e-05
2.021212354977167946e-01,5.617652148732729146e-05
2.270729694325258896e-01,9.299290551491223226e-05
2.551049785537616854e-01,1.523178400269371824e-04
2.865975208125910445e-01,2.467482686076839229e-04
3.219777967548111963e-01,3.951453146404840353e-04
3.617257445533632598e-01,6.252604261360648983e-04
4.063805504338082186e-01,9.771854068069247244e-04
4.565479628075576612e-01,1.507740604455522562e-03
5.129085093300529419e-01,2.295855397295014887e-03
5.762267283493881509e-01,3.448888680062003453e-03
6.473615399712076002e-01,5.109675326703777901e-03
7.272778974247632311e-01,7.463864538252979255e-03
8.170598767824696074e-01,1.074684486577625817e-02
9.179253825967482738e-01,1.524925083523639632e-02
1.031242668938096685e+00,2.131975857324180240e-02
1.158548899944469746e+00,2.936366365558085861e-02
1.301571001658303750e+00,3.983567101632265461e-02
1.462249088009145437e+00,5.322549788327805842e-02
1.642762778718470651e+00,7.003536857454811804e-02
1.845560766132583463e+00,9.074930111899867646e-02
2.073394032061649739e+00,1.157952245105222100e-01
2.329353165215711119e+00,1.455023135887949515e-01
2.616910285453700080e+00,1.800572893695167320e-01
2.939966143553497613e+00,2.194645397430186051e-01
3.302903035417698696e+00,2.635154789605231862e-01
3.710644248503383036e+00,3.117723392729239151e-01
4.168720846874620634e+00,3.635704494420203270e-01
4.683346700825936182e+00,4.180410565791726207e-01
5.261502778863538232e+00,4.741541434206676398e-01
5.911031845476362179e+00,5.307779040720268515e-01
6.640744849284789808e+00,5.867490743088965566e-01
7.460540444736607490e+00,6.409466461098566326e-01
8.381539268677865806e+00,6.923609653255973218e-01
9.416234793278331239e+00,7.401509252655475990e-01
1.057866280165168682e+01,7.833535403314326739e-01
1.188459178512981573e+01,8.179520563095494801e-01
1.335173684495568658e+01,8.491869554267134079e-01
1.500000000000000000e+01,8.768753593553151315e-01
