5.000000000000000971e-02,1.613116661462094675e-02
5.617246720102575530e-02,2.037721728143184613e-02
6.310692142900625745e-02,2.586125067745676659e-02
7.089742948257125865e-02,3.296992855409848489e-02
7.964967064493538862e-02,4.218608438794765880e-02
8.948237023750268970e-02,5.408871126277382813e-02
1.005289101447232603e-01,6.933923955901327707e-02
1.129391381571866332e-01,8.865015415291213619e-02
1.268814006769335978e-01,1.127339092154340111e-01
1.425448263589051412e-01,1.422332483873203768e-01
1.601418916664301417e-01,1.776380820256779902e-01
1.799113031428553333e-01,2.191982823168411865e-01
2.021212354977167946e-01,2.668451187473259156e-01
2.270729694325258896e-01,3.201355027289001232e-01
2.551049785537616854e-01,3.782319312594896177e-01
2.865975208125910445e-01,4.399267711789189850e-01
3.219777967548111963e-01,5.037128176898677534e-01
3.617257445533632598e-01,5.678941346688810565e-01
4.063805504338082186e-01,6.307237509653695895e-01
4.565479628075576612e-01,6.905495844628345425e-01
5.129085093300529419e-01,7.459482216803494659e-01
5.762267283493881509e-01,7.958285780165109680e-01
6.473615399712076002e-01,8.394931484502774488e-01
7.272778974247632311e-01,8.766512932707508643e-01
8.170598767824696074e-01,9.073887798495542389e-01
9.179253825967482738e-01,9.321027199580371736e-01
1.031242668938096685e+00,9.514156801949860132e-01
1.158548899944469746e+00,9.660835098966286116e-01
1.301571001658303750e+00,9.769096135124676339e-01
1.462249088009145437e+00,9.846747405450644308e-01
1.642762778718470651e+00,9.900869791627784355e-01
1.845560766132583463e+00,9.937525368861078734e-01
2.073394032061649739e+00,9.961647815875416256e-01
2.329353165215711119e+00,9.977072091007667121e-01
2.616910285453700080e+00,9.986654499016172082e-01
2.939966143553497613e+00,9.992438333758566493e-01
3.302903035417698696e+00,9.995830004608048380e-01
3.710644248503383036e+00,9.997762212738492416e-01
4.168720846874620634e+00,9.998831569974799827e-01
4.683346700825936182e+00,9.999406489859903324e-01
5.261502778863538232e+00,9.999706748149633784e-01
5.911031845476362179e+00,9.999859074161541184e-01
6.640744849284789808e+00,9.999934138466644029e-01
7.460540444736607490e+00,9.999970068934449507e-01
8.381539268677865806e+00,9.999986774173584836e-01
9.416234793278331239e+00,9.999994318041872665e-01
1.057866280165168682e+01,9.999997626906107495e-01
1.188459178512981573e+01,9.999999036518874007e-01
1.335173684495568658e+01,9.999999619762455216e-01
1.500000000000000000e+01,9.999999854143915012e-01
