5.000000000000000971e-02,2.472862146736304385e-23
5.617246720102575530e-02,4.964542046321469964e-22
6.310692142900625745e-02,9.033363339722154835e-21
7.089742948257125865e-02,1.489935480091403335e-19
7.964967064493538862e-02,2.227915055207431569e-18
8.948237023750268970e-02,3.020779576938612169e-17
1.005289101447232603e-01,3.714646990238054035e-16
1.129391381571866332e-01,4.143798366167101865e-15
1.268814006769335978e-01,4.194553919574994142e-14
1.425448263589051412e-01,3.854127787227884531e-13
1.601418916664301417e-01,3.215849909377941502e-12
1.799113031428553333e-01,2.437850765247141569e-11
2.021212354977167946e-01,1.680032163863577466e-10
2.270729694325258896e-01,1.053272934519086258e-09
2.551049785537616854e-01,6.012580140715005137e-09
2.865975208125910445e-01,3.128585224536946254e-08
3.219777967548111963e-01,1.485863978590356576e-07
3.617257445533632598e-01,6.451469886142135102e-07
4.063805504338082186e-01,2.565906697215238180e-06
4.565479628075576612e-01,9.370155672759710429e-06
5.129085093300529419e-01,3.150449369640231744e-05
5.762267283493881509e-01,9.783120018314574108e-05
6.473615399712076002e-01,2.815425871463279450e-04
7.272778974247632311e-01,7.535330854803144740e-04
8.170598767824696074e-01,1.881992152565704294e-03
9.179253825967482738e-01,4.399079202466085747e-03
1.031242668938096685e+00,9.644719527050583247e-03
1.158548899944469746e+00,1.985920749439471639e-02
1.301571001658303750e+00,3.841769636275878252e-02
1.462249088009145437e+00,6.979076783894420932e-02
1.642762778718470651e+00,1.189387730426316320e-01
1.845560766132583463e+00,1.899300328065350318e-01
2.073394032061649739e+00,2.839426699029302670e-01
2.329353165215711119e+00,3.974217928719351867e-01
2.616910285453700080e+00,5.216126937157037347e-01
2.939966143553497613e+00,6.443496020908000554e-01
3.302903035417698696e+00,7.536775903623431638e-01
3.710644248503383036e+00,8.357535215906775061e-01
4.168720846874620634e+00,8.971033581032165083e-01
4.683346700825936182e+00,9.403189615189400108e-01
5.261502778863538232e+00,9.680543077683936293e-01
5.911031845476362179e+00,9.842612371584100739e-01
6.640744849284789808e+00,9.928789567810030192e-01
7.460540444736607490e+00,9.970466148538046358e-01
8.381539268677865806e+00,9.988789723959154987e-01
9.416234793278331239e+00,9.996110866275748075e-01
1.057866280165168682e+01,9.998768212317095117e-01
1.188459178512981573e+01,9.999644170682598920e-01
1.335173684495568658e+01,9.999906328960200819e-01
1.500000000000000000e+01,9.999977545143925450e-01
