5.000000000000000971e-02,4.852838527458801909e-18
5.617246720102575530e-02,5.169462708079802112e-17
6.310692142900625745e-02,5.110035773812532289e-16
7.089742948257125865e-02,4.687982657833643217e-15
7.964967064493538862e-02,3.992004355690668734e-14
8.948237023750268970e-02,3.155756983051482193e-13
1.005289101447232603e-01,2.316293683545584046e-12
1.129391381571866332e-01,1.578835438851017814e-11
1.268814006769335978e-01,9.995737053726031243e-11
1.425448263589051412e-01,5.879158471404981368e-10
1.601418916664301417e-01,3.213157010000956857e-09
1.799113031428553333e-01,1.632171817647620927e-08
2.021212354977167946e-01,7.707697363014412988e-08
2.270729694325258896e-01,3.384725349479979178e-07
2.551049785537616854e-01,1.382564493624993801e-06
2.865975208125910445e-01,5.254635083810783271e-06
3.219777967548111963e-01,1.858817439833239336e-05
3.617257445533632598e-01,6.122384175882744270e-05
4.063805504338082186e-01,1.878270296063992034e-04
4.565479628075576612e-01,5.369371606942533945e-04
5.129085093300529419e-01,1.430855478597193751e-03
5.762267283493881509e-01,3.555871697843084912e-03
6.473615399712076002e-01,8.243531427136154693e-03
7.272778974247632311e-01,1.783068446042672742e-02
8.170598767824696074e-01,3.598083196000629452e-02
9.179253825967482738e-01,6.770891738672740745e-02
1.031242668938096685e+00,1.187380779942099340e-01
1.158548899944469746e+00,1.938919912523315303e-01
1.301571001658303750e+00,2.855154096939664932e-01
1.462249088009145437e+00,3.617569930166567027e-01
1.642762778718470651e+00,4.509335657185395418e-01
1.845560766132583463e+00,5.476281828421927234e-01
2.073394032061649739e+00,6.448237815017057173e-01
2.329353165215711119e+00,7.353936398370372052e-01
2.616910285453700080e+00,8.136308675482848418e-01
2.939966143553497613e+00,8.762829713527069408e-01
3.302903035417698696e+00,9.227933581175252753e-01
3.710644248503383036e+00,9.548011603843821193e-01
4.168720846874620634e+00,9.752210213141198070e-01
4.683346700825936182e+00,9.872974915604098012e-01
5.261502778863538232e+00,9.939183871487313748e-01
5.911031845476362179e+00,9.972833634834944450e-01
6.640744849284789808e+00,9.988687486676680605e-01
7.460540444736607490e+00,9.995611755640185780e-01
8.381539268677865806e+00,9.998415240134446158e-01
9.416234793278331239e+00,9.999467459099093958e-01
1.057866280165168682e+01,9.999833556270386614e-01
1.188459178512981573e+01,9.999951633825869823e-01
1.335173684495568658e+01,9.999986937298455114e-01
1.500000000000000000e+01,9.999996721938783084e-01
