5.000000000000000971e-02,4.517208179466528431e-03
5.617246720102575530e-02,5.600545226630079462e-03
6.310692142900625745e-02,6.922508722752212205e-03
7.089742948257125865e-02,8.533126665045230944e-03
7.964967064493538862e-02,1.049282023363889461e-02
8.948237023750268970e-02,1.287435286891804899e-02
1.005289101447232603e-01,1.576491904352046378e-02
1.129391381571866332e-01,1.926825719431908557e-02
1.268814006769335978e-01,2.350661435225373519e-02
1.425448263589051412e-01,2.862232904316262122e-02
1.601418916664301417e-01,3.477874091399078826e-02
1.799113031428553333e-01,4.216008958819596891e-02
2.021212354977167946e-01,5.097004260357144989e-02
2.270729694325258896e-01,6.142850464781168113e-02
2.551049785537616854e-01,7.376641817013773750e-02
2.865975208125910445e-01,8.821837585344541321e-02
3.219777967548111963e-01,1.050130296540935648e-01
3.617257445533632598e-01,1.243614926801174941e-01
4.063805504338082186e-01,1.464441737328154303e-01
4.565479628075576612e-01,1.713967358574714495e-01
5.129085093300529419e-01,1.992960988816213641e-01
5.762267283493881509e-01,2.301475774945774544e-01
6.473615399712076002e-01,2.638743283250315486e-01
7.272778974247632311e-01,3.003102461817435676e-01
8.170598767824696074e-01,3.391972879542478059e-01
9.179253825967482738e-01,3.769550510168468982e-01
1.031242668938096685e+00,4.157385944714297454e-01
1.158548899944469746e+00,4.559759736902012639e-01
1.301571001658303750e+00,4.972042207647298095e-01
1.462249088009145437e+00,5.389211028759475219e-01
1.642762778718470651e+00,5.806039355152238235e-01
1.845560766132583463e+00,6.217296647582918334e-01
2.073394032061649739e+00,6.617949224017338761e-01
2.329353165215711119e+00,7.003347766367502558e-01
2.616910285453700080e+00,7.369390315333957941e-01
2.939966143553497613e+00,7.712651533659309333e-01
3.302903035417698696e+00,8.030471939997957387e-01
3.710644248503383036e+00,8.321004091736037278e-01
4.168720846874620634e+00,8.583215993757067341e-01
4.683346700825936182e+00,8.816855025979699612e-01
5.261502778863538232e+00,9.022378166805963273e-01
5.911031845476362179e+00,9.200856070650288432e-01
6.640744849284789808e+00,9.353859549995094946e-01
7.460540444736607490e+00,9.483337215777488671e-01
8.381539268677865806e+00,9.591492519710752562e-01
9.416234793278331239e+00,9.680667352752111432e-01
1.057866280165168682e+01,9.753237857962656632e-01
1.188459178512981573e+01,9.811526401936162545e-01
1.335173684495568658e+01,9.857731899649204710e-01
1.500000000000000000e+01,9.893879061980874745e-01
