5.000000000000000971e-02,5.562925521958094616e-03
5.617246720102575530e-02,6.413789305946476955e-03
6.310692142900625745e-02,7.353878936338878285e-03
7.089742948257125865e-02,8.386495192430199266e-03
7.964967064493538862e-02,9.515550826154876504e-03
8.948237023750268970e-02,1.074760216784812795e-02
1.005289101447232603e-01,1.209614663215182601e-02
1.129391381571866332e-01,1.358994842288364577e-02
1.268814006769335978e-01,1.528794228095333406e-02
1.425448263589051412e-01,1.730386509865491917e-02
1.601418916664301417e-01,1.984359084723894343e-02
1.799113031428553333e-01,2.325634549188320202e-02
2.021212354977167946e-01,2.809669616724769226e-02
2.270729694325258896e-01,3.518712672255364798e-02
2.551049785537616854e-01,4.566210693619094513e-02
2.865975208125910445e-01,6.096668741609732878e-02
3.219777967548111963e-01,8.278036849381921469e-02
3.617257445533632598e-01,1.128451634853828434e-01
4.063805504338082186e-01,1.526979808090551394e-01
4.565479628075576612e-01,2.033391748654701237e-01
5.129085093300529419e-01,2.647605550616965453e-01
5.762267283493881509e-01,3.358699533372115353e-01
6.473615399712076002e-01,4.146976663123324580e-01
7.272778974247632311e-01,4.980905050681777024e-01
8.170598767824696074e-01,5.822577998910871688e-01
9.179253825967482738e-01,6.632858908519237984e-01
1.031242668938096685e+00,7.376814862198231015e-01
1.158548899944469746e+00,8.028200810244060515e-01
1.301571001658303750e+00,8.572053311391577557e-01
1.462249088009145437e+00,9.005020740639108068e-01
1.642762778718470651e+00,9.333679738960461991e-01
1.845560766132583463e+00,9.571550055672869428e-01
2.073394032061649739e+00,9.735695892279074837e-01
2.329353165215711119e+00,9.843691574619900519e-01
2.616910285453700080e+00,9.911434332540154379e-01
2.939966143553497613e+00,9.951947213447226437e-01
3.302903035417698696e+00,9.975046125706513722e-01
3.710644248503383036e+00,9.987602171670493245e-01
4.168720846874620634e+00,9.994109046012020769e-01
4.683346700825936182e+00,9.997323784270687463e-01
5.261502778863538232e+00,9.998837932254652783e-01
5.911031845476362179e+00,9.999517819128331819e-01
6.640744849284789808e+00,9.999808855343574887e-01
7.460540444736607490e+00,9.999927622443268715e-01
8.381539268677865806e+00,9.999973826592591930e-01
9.416234793278331239e+00,9.999990962170428599e-01
1.057866280165168682e+01,9.999997020417327187e-01
1.188459178512981573e+01,9.999999062265071403e-01
1.335173684495568658e+01,9.999999718298347995e-01
1.500000000000000000e+01,9.999999919231998824e-01
