5.000000000000000971e-02,5.955824969369474980e-06
5.617246720102575530e-02,1.330491732294675776e-05
6.310692142900625745e-02,2.885256743997222849e-05
7.089742948257125865e-02,6.082947305044431914e-05
7.964967064493538862e-02,1.248455497289617890e-04
8.948237023750268970e-02,2.496911339041103664e-04
1.005289101447232603e-01,4.869418932788897262e-04
1.129391381571866332e-01,9.261444163932563024e-04
1.268814006769335978e-01,1.717529523363467772e-03
1.425448263589051412e-01,3.103755616451289896e-03
1.601418916664301417e-01,5.460621638579554391e-03
1.799113031428553333e-01,9.343548557584679948e-03
2.021212354977167946e-01,1.553181741942246709e-02
2.270729694325258896e-01,2.505676393538822794e-02
2.551049785537616854e-01,3.919515393902162081e-02
2.865975208125910445e-01,5.940758612698728014e-02
3.219777967548111963e-01,8.720699009179866401e-02
3.617257445533632598e-01,1.239558775401207735e-01
4.063805504338082186e-01,1.706118496922251204e-01
4.565479628075576612e-01,2.274640158868778406e-01
5.129085093300529419e-01,2.939203285653182451e-01
5.762267283493881509e-01,3.684087694535231883e-01
6.473615399712076002e-01,4.484385948546285583e-01
7.272778974247632311e-01,5.308329883948658123e-01
8.170598767824696074e-01,6.121006331835237013e-01
9.179253825967482738e-01,6.887178541519731745e-01
1.031242668938096685e+00,7.579781608654213576e-01
1.158548899944469746e+00,8.179791554831381539e-01
1.301571001658303750e+00,8.677487552770631885e-01
1.462249088009145437e+00,9.072728960489215844e-01
1.642762778718470651e+00,9.373212258876653102e-01
1.845560766132583463e+00,9.591892638880918920e-01
2.073394032061649739e+00,9.744230164023029994e-01
2.329353165215711119e+00,9.845806115356759980e-01
2.616910285453700080e+00,9.910631321421614626e-01
2.939966143553497613e+00,9.950227227004991848e-01
3.302903035417698696e+00,9.973374311386696833e-01
3.710644248503383036e+00,9.986324313421721666e-01
4.168720846874620634e+00,9.993257935380824852e-01
4.683346700825936182e+00,9.996810628399549481e-01
5.261502778863538232e+00,9.998552651182140982e-01
5.911031845476362179e+00,9.999370062961178141e-01
6.640744849284789808e+00,9.999737101702349529e-01
7.460540444736607490e+00,9.999894812189268345e-01
8.381539268677865806e+00,9.999959657886128284e-01
9.416234793278331239e+00,9.999985171292916641e-01
1.057866280165168682e+01,9.999994776742038294e-01
1.188459178512981573e+01,9.999998237127307732e-01
1.335173684495568658e+01,9.999999429974386622e-01
1.500000000000000000e+01,9.999999823429255308e-01
