5.000000000000000971e-02,1.598508461675258356e-03
5.617246720102575530e-02,2.377644032705528761e-03
6.310692142900625745e-02,3.497156547892763239e-03
7.089742948257125865e-02,5.090964901135777015e-03
7.964967064493538862e-02,7.339811469738248204e-03
8.948237023750268970e-02,1.048390630229702539e-02
1.005289101447232603e-01,1.483616854612227962e-02
1.129391381571866332e-01,2.079415673337241255e-02
1.268814006769335978e-01,2.884782896840277361e-02
1.425448263589051412e-01,3.957944895258908719e-02
1.601418916664301417e-01,5.365155071753186650e-02
1.799113031428553333e-01,7.177922303243722268e-02
2.021212354977167946e-01,9.468434637856307234e-02
2.270729694325258896e-01,1.230319149458278249e-01
2.551049785537616854e-01,1.573520323909763652e-01
2.865975208125910445e-01,1.979550790568020413e-01
3.219777967548111963e-01,2.448511017478708918e-01
3.617257445533632598e-01,2.976867014284263480e-01
4.063805504338082186e-01,3.557126887683544347e-01
4.565479628075576612e-01,4.177930010936904415e-01
5.129085093300529419e-01,4.824598941892983550e-01
5.762267283493881509e-01,5.480130297729031152e-01
6.473615399712076002e-01,6.126522002709861026e-01
7.272778974247632311e-01,6.746268212190418279e-01
8.170598767824696074e-01,7.323816037401160717e-01
9.179253825967482738e-01,7.846613241302389241e-01
1.031242668938096685e+00,8.272909591269916874e-01
1.158548899944469746e+00,8.643847635964693188e-01
1.301571001658303750e+00,8.958049118354647344e-01
1.462249088009145437e+00,9.217108154048789803e-01
1.642762778718470651e+00,9.425002997225220280e-01
1.845560766132583463e+00,9.587377349226930967e-01
2.073394032061649739e+00,9.710800629710651943e-01
2.329353165215711119e+00,9.802098854220457902e-01
2.616910285453700080e+00,9.867818453183683225e-01
2.939966143553497613e+00,9.913852411639246798e-01
3.302903035417698696e+00,9.945228416179154873e-01
3.710644248503383036e+00,9.966036843267103151e-01
4.168720846874620634e+00,9.979464206291095429e-01
4.683346700825936182e+00,9.987894460547477316e-01
5.261502778863538232e+00,9.993044121042103933e-01
5.911031845476362179e+00,9.996104638351952509e-01
6.640744849284789808e+00,9.997874260183263750e-01
7.460540444736607490e+00,9.998869727961229303e-01
8.381539268677865806e+00,9.999414515772715450e-01
9.416234793278331239e+00,9.999704566433195163e-01
1.057866280165168682e+01,9.999854797583639376e-01
1.188459178512981573e+01,9.999930494744825316e-01
1.335173684495568658e+01,9.999967599269942164e-01
1.500000000000000000e+01,9.999985292064944575e-01
