5.000000000000000971e-02,2.059593991823159434e-04
5.617246720102575530e-02,3.263219492138104937e-04
6.310692142900625745e-02,5.081243165111150491e-04
7.089742948257125865e-02,7.780588380323323139e-04
7.964967064493538862e-02,1.172335921889692016e-03
8.948237023750268970e-02,1.739330615516333084e-03
1.005289101447232603e-01,2.542759023276782750e-03
1.129391381571866332e-01,3.665436531526956778e-03
1.268814006769335978e-01,5.213638424974489233e-03
1.425448263589051412e-01,7.322015650277591617e-03
1.601418916664301417e-01,1.015889890826508768e-02
1.799113031428553333e-01,1.393164206394212519e-02
2.021212354977167946e-01,1.889141160941432834e-02
2.270729694325258896e-01,2.533654208885714743e-02
2.551049785537616854e-01,3.361329201820497520e-02
2.865975208125910445e-01,4.411262015095174238e-02
3.219777967548111963e-01,5.726154548278700185e-02
3.617257445533632598e-01,7.350784606372798291e-02
4.063805504338082186e-01,9.329736012953923630e-02
4.565479628075576612e-01,1.170439984952907631e-01
5.129085093300529419e-01,1.450937078621591381e-01
5.762267283493881509e-01,1.776849055243105713e-01
6.473615399712076002e-01,2.149091261280215992e-01
7.272778974247632311e-01,2.566765246598314287e-01
8.170598767824696074e-01,3.026912160203714119e-01
9.179253825967482738e-01,3.524410158419273298e-01
1.031242668938096685e+00,4.052049178665116380e-01
1.158548899944469746e+00,4.600796970833340716e-01
1.301571001658303750e+00,5.160246223213782457e-01
1.462249088009145437e+00,5.719207775574384200e-01
1.642762778718470651e+00,6.266393597157250417e-01
1.845560766132583463e+00,6.791119351425978223e-01
2.073394032061649739e+00,7.283952641142329432e-01
2.329353165215711119e+00,7.737240221003029994e-01
2.616910285453700080e+00,8.145464307696242967e-01
2.939966143553497613e+00,8.505401550309525938e-01
3.302903035417698696e+00,8.816084085064029852e-01
3.710644248503383036e+00,9.078586023739394495e-01
4.168720846874620634e+00,9.295677044095551622e-01
4.683346700825936182e+00,9.471395156327239162e-01
5.261502778863538232e+00,9.610592578058478885e-01
5.911031845476362179e+00,9.718502912811026739e-01
6.640744849284789808e+00,9.800366616398586972e-01
7.460540444736607490e+00,9.861137750388606626e-01
8.381539268677865806e+00,9.905280919977249576e-01
9.416234793278331239e+00,9.936655203527186009e-01
1.057866280165168682e+01,9.958473119668417306e-01
1.188459178512981573e+01,9.973317697016873540e-01
1.335173684495568658e+01,9.983199229979231593e-01
1.500000000000000000e+01,9.989634551563399967e-01
