5.000000000000000971e-02,2.020555440003025825e-07
5.617246720102575530e-02,4.937432903746165694e-07
6.310692142900625745e-02,1.172257421570836896e-06
7.089742948257125865e-02,2.704331231376225766e-06
7.964967064493538862e-02,6.062306270305853905e-06
8.948237023750268970e-02,1.320643057174188432e-05
1.005289101447232603e-01,2.795979168683687370e-05
1.129391381571866332e-01,5.753310206931234550e-05
1.268814006769335978e-01,1.150734369031070775e-04
1.425448263589051412e-01,2.237421940068138422e-04
1.601418916664301417e-01,4.229439740337151811e-04
1.799113031428553333e-01,7.773770139750525547e-04
2.021212354977167946e-01,1.389479122744850630e-03
2.270729694325258896e-01,2.415505263783013744e-03
2.551049785537616854e-01,4.084803765625295499e-03
2.865975208125910445e-01,6.720811875646225814e-03
3.219777967548111963e-01,1.076091789979274904e-02
3.617257445533632598e-01,1.677083085307665145e-02
4.063805504338082186e-01,2.544782133453113437e-02
4.565479628075576612e-01,3.760664924293137534e-02
5.129085093300529419e-01,5.414271164232572348e-02
5.762267283493881509e-01,7.596933054225948889e-02
6.473615399712076002e-01,1.039302212712085866e-01
7.272778974247632311e-01,1.386935974462890631e-01
8.170598767824696074e-01,1.806400827245973617e-01
9.179253825967482738e-01,2.297611966180219678e-01
1.031242668938096685e+00,2.855871567611971140e-01
1.158548899944469746e+00,3.471609594352061956e-01
1.301571001658303750e+00,4.130698494478367566e-01
1.462249088009145437e+00,4.815361388078533422e-01
1.642762778718470651e+00,5.505586789827078276e-01
1.845560766132583463e+00,6.180865535270166911e-01
2.073394032061649739e+00,6.822001177722418763e-01
2.329353165215711119e+00,7.412730088846780641e-01
2.616910285453700080e+00,7.940925745455552631e-01
2.939966143553497613e+00,8.399243427502243176e-01
3.302903035417698696e+00,8.785166324526123560e-01
3.710644248503383036e+00,9.100516915639872417e-01
4.168720846874620634e+00,9.350576215158526994e-01
4.683346700825936182e+00,9.542994252946586098e-01
5.261502778863538232e+00,9.686675199383584234e-01
5.911031845476362179e+00,9.790787126707343191e-01
6.640744849284789808e+00,9.863993188376796173e-01
7.460540444736607490e+00,9.913943276281084183e-01
8.381539268677865806e+00,9.947015667237951719e-01
9.416234793278331239e+00,9.968264377712842128e-01
1.057866280165168682e+01,9.981511904305766514e-01
1.188459178512981573e+01,9.989526283730111311e-01
1.335173684495568658e+01,9.994231023180835116e-01
1.500000000000000000e+01,9.996910991057733620e-01
