5.000000000000000971e-02,7.376397554427447669e-05
5.617246720102575530e-02,1.001139647298297222e-04
6.310692142900625745e-02,1.347100819776770773e-04
7.089742948257125865e-02,1.797110650736115530e-04
7.964967064493538862e-02,2.377025687285388544e-04
8.948237023750268970e-02,3.117405344946647485e-04
1.005289101447232603e-01,4.053872099597812776e-04
1.129391381571866332e-01,5.227358715260008648e-04
1.268814006769335978e-01,6.684199607246364130e-04
1.425448263589051412e-01,8.476022895606516406e-04
1.601418916664301417e-01,1.065940417796960469e-03
1.799113031428553333e-01,1.329525688393673683e-03
2.021212354977167946e-01,1.644796686901214963e-03
2.270729694325258896e-01,2.018435186651344401e-03
2.551049785537616854e-01,2.457268412330058851e-03
2.865975208125910445e-01,2.968234405012811633e-03
3.219777967548111963e-01,3.558532879717841210e-03
3.617257445533632598e-01,4.236206669939920552e-03
4.063805504338082186e-01,5.011611324687984849e-03
4.565479628075576612e-01,5.900565127094085233e-03
5.129085093300529419e-01,6.930438385032832577e-03
5.762267283493881509e-01,8.150984514674365633e-03
6.473615399712076002e-01,9.652160235754497428e-03
7.272778974247632311e-01,1.159118131965534634e-02
8.170598767824696074e-01,1.423010017634947048e-02
9.179253825967482738e-01,1.798271231560562289e-02
1.031242668938096685e+00,2.346527723320226619e-02
1.158548899944469746e+00,3.153970615763940222e-02
1.301571001658303750e+00,4.333190345784250497e-02
1.462249088009145437e+00,6.020436526770912150e-02
1.642762778718470651e+00,8.366406024663698704e-02
1.845560766132583463e+00,1.151965119845298480e-01
2.073394032061649739e+00,1.560350002207415432e-01
2.329353165215711119e+00,2.068963849471550098e-01
2.616910285453700080e+00,2.677351836075695934e-01
2.939966143553497613e+00,3.371070043539945993e-01
3.302903035417698696e+00,4.132852672949404171e-01
3.710644248503383036e+00,4.934898008424343785e-01
4.168720846874620634e+00,5.744032691773400812e-01
4.683346700825936182e+00,6.526072918539069789e-01
5.261502778863538232e+00,7.250137093015550649e-01
5.911031845476362179e+00,7.892279945682143527e-01
6.640744849284789808e+00,8.437747232977911294e-01
7.460540444736607490e+00,8.881529487553547764e-01
8.381539268677865806e+00,9.227326244995315285e-01
9.416234793278331239e+00,9.485379824047567299e-01
1.057866280165168682e+01,9.669807832160536298e-01
1.188459178512981573e+01,9.796038013407711853e-01
1.335173684495568658e+01,9.878777184431308811e-01
1.500000000000000000e+01,9.930712623829816010e-01
