5.000000000000000971e-02,3.545751508502826416e-02
5.617246720102575530e-02,4.162139582449662228e-02
6.310692142900625745e-02,4.858887353795192376e-02
7.089742948257125865e-02,5.641467001641342627e-02
7.964967064493538862e-02,6.514895390420043231e-02
8.948237023750268970e-02,7.483594661452533381e-02
1.005289101447232603e-01,8.551257152332816802e-02
1.129391381571866332e-01,9.720720093565232700e-02
1.268814006769335978e-01,1.099385556271423731e-01
1.425448263589051412e-01,1.237148088545039770e-01
1.601418916664301417e-01,1.385329404453252422e-01
1.799113031428553333e-01,1.543783770272908473e-01
2.021212354977167946e-01,1.712249420446698145e-01
2.270729694325258896e-01,1.890351246424349929e-01
2.551049785537616854e-01,2.077606607516966353e-01
2.865975208125910445e-01,2.273434039601470169e-01
3.219777967548111963e-01,2.477164492656763473e-01
3.617257445533632598e-01,2.688054608129136214e-01
4.063805504338082186e-01,2.905301462273505719e-01
4.565479628075576612e-01,3.128058158747402118e-01
5.129085093300529419e-01,3.355449655143867838e-01
5.762267283493881509e-01,3.586588251000692451e-01
6.473615399712076002e-01,3.820588241300893473e-01
7.272778974247632311e-01,4.056579337767755034e-01
8.170598767824696074e-01,4.293718566280838589e-01
9.179253825967482738e-01,4.531200448437329165e-01
1.031242668938096685e+00,4.768265357059788823e-01
1.158548899944469746e+00,5.004205992336453468e-01
1.301571001658303750e+00,5.238371956344892721e-01
1.462249088009145437e+00,5.470172414368719149e-01
1.642762778718470651e+00,5.699076832443630281e-01
1.845560766132583463e+00,5.924613785902269614e-01
2.073394032061649739e+00,6.146367857379763100e-01
2.329353165215711119e+00,6.363974695617151678e-01
2.616910285453700080e+00,6.577114393108911550e-01
2.939966143553497613e+00,6.785503457770419855e-01
3.302903035417698696e+00,6.926926301276030706e-01
3.710644248503383036e+00,7.069765063632074131e-01
4.168720846874620634e+00,7.217798868760398889e-01
4.683346700825936182e+00,7.370072399017447706e-01
5.261502778863538232e+00,7.525523614029039354e-01
5.911031845476362179e+00,7.683006294385723578e-01
6.640744849284789808e+00,7.841316068498819236e-01
7.460540444736607490e+00,7.999218939356661506e-01
8.381539268677865806e+00,8.155481183553943136e-01
9.416234793278331239e+00,8.308899412177019883e-01
1.057866280165168682e+01,8.458329568255535946e-01
1.188459178512981573e+01,8.602713690031735805e-01
1.335173684495568658e+01,8.741103389723874351e-01
1.500000000000000000e+01,8.872679175480311375e-01
