5.000000000000000971e-02,2.726612571399874684e-05
5.617246720102575530e-02,4.509046451122485782e-05
6.310692142900625745e-02,7.349912968206620133e-05
7.089742948257125865e-02,1.182170491334759844e-04
7.964967064493538862e-02,1.878204960437503742e-04
8.948237023750268970e-02,2.950616990850956386e-04
1.005289101447232603e-01,4.587575043645207009e-04
1.129391381571866332e-01,7.064355120261402859e-04
1.268814006769335978e-01,1.077956601862410093e-03
1.425448263589051412e-01,1.630331168686570626e-03
1.601418916664301417e-01,2.443896141633834090e-03
1.799113031428553333e-01,3.629896457453591144e-03
2.021212354977167946e-01,5.339295992349233147e-03
2.270729694325258896e-01,7.772317591669927403e-03
2.551049785537616854e-01,1.118778925611308914e-02
2.865975208125910445e-01,1.591089413766926669e-02
3.219777967548111963e-01,2.233746324624122023e-02
3.617257445533632598e-01,3.093262444566948280e-02
4.063805504338082186e-01,4.222156417344795354e-02
4.565479628075576612e-01,5.677049987225630395e-02
5.129085093300529419e-01,7.515679108571989009e-02
5.762267283493881509e-01,9.792844459157939996e-02
6.473615399712076002e-01,1.255549901523844158e-01
7.272778974247632311e-01,1.583735904442230003e-01
8.170598767824696074e-01,1.965359681240816947e-01
9.179253825967482738e-01,2.399628991688178281e-01
1.031242668938096685e+00,2.883093075397197835e-01
1.158548899944469746e+00,3.409607681152491132e-01
1.301571001658303750e+00,3.970435051101900981e-01
1.462249088009145437e+00,4.554634587259300260e-01
1.642762778718470651e+00,5.149697073420218540e-01
1.845560766132583463e+00,5.742345060574705062e-01
2.073394032061649739e+00,6.319421636498181449e-01
2.329353165215711119e+00,6.868768756201754089e-01
2.616910285453700080e+00,7.379997627996501830e-01
2.939966143553497613e+00,7.845070046122981644e-01
3.302903035417698696e+00,8.258637835896729396e-01
3.710644248503383036e+00,8.618122313231598719e-01
4.168720846874620634e+00,8.923550482685462804e-01
4.683346700825936182e+00,9.177193694381169387e-01
5.261502778863538232e+00,9.383073405542540213e-01
5.911031845476362179e+00,9.546405677875016149e-01
6.640744849284789808e+00,9.673051681063903340e-01
7.460540444736607490e+00,9.769028343201716647e-01
8.381539268677865806e+00,9.840115108136722188e-01
9.416234793278331239e+00,9.891573434480447347e-01
1.057866280165168682e+01,9.927978489113191696e-01
1.188459178512981573e+01,9.953149611899084759e-01
1.335173684495568658e+01,9.970158443290826344e-01
1.500000000000000000e+01,9.981390875130844442e-01
