5.000000000000000971e-02,5.914717813423435431e-09
5.617246720102575530e-02,1.547919578800943672e-08
6.310692142900625745e-02,3.931508510006961948e-08
7.089742948257125865e-02,9.681031455060461428e-08
7.964967064493538862e-02,2.309366069757726631e-07
8.948237023750268970e-02,5.333647066725539315e-07
1.005289101447232603e-01,1.192215254966744809e-06
1.129391381571866332e-01,2.578714246093574043e-06
1.268814006769335978e-01,5.397161460867566010e-06
1.425448263589051412e-01,1.093228074973695495e-05
1.601418916664301417e-01,2.143793368230849890e-05
1.799113031428553333e-01,4.071944257550408466e-05
2.021212354977167946e-01,7.496665802787013527e-05
2.270729694325258896e-01,1.338965135530585247e-04
2.551049785537616854e-01,2.322663205504062211e-04
2.865975208125910445e-01,3.918327692155494906e-04
3.219777967548111963e-01,6.438731926259771195e-04
3.617257445533632598e-01,1.032474981710314842e-03
4.063805504338082186e-01,1.618951423498794610e-03
4.565479628075576612e-01,2.487956569688562318e-03
5.129085093300529419e-01,3.756116456308961418e-03
5.762267283493881509e-01,5.584193568660454979e-03
6.473615399712076002e-01,8.193825821201051671e-03
7.272778974247632311e-01,1.188954051483074800e-02
8.170598767824696074e-01,1.708579394496901466e-02
9.179253825967482738e-01,2.433696611018242723e-02
1.031242668938096685e+00,3.436536350899060954e-02
1.158548899944469746e+00,4.807844272871496238e-02
1.301571001658303750e+00,6.656232651869113670e-02
1.462249088009145437e+00,9.103577150087270586e-02
1.642762778718470651e+00,1.227494966487571448e-01
1.845560766132583463e+00,1.616407951494192308e-01
2.073394032061649739e+00,1.860684731928828328e-01
2.329353165215711119e+00,2.176161460593467878e-01
2.616910285453700080e+00,2.569948282022775365e-01
2.939966143553497613e+00,3.044378047657767539e-01
3.302903035417698696e+00,3.595565569366789282e-01
3.710644248503383036e+00,4.212680564373711967e-01
4.168720846874620634e+00,4.878220149967115726e-01
4.683346700825936182e+00,5.569376820018958618e-01
5.261502778863538232e+00,6.260352198996825823e-01
5.911031845476362179e+00,6.925234639260532399e-01
6.640744849284789808e+00,7.540912251183914394e-01
7.460540444736607490e+00,8.089480602798178044e-01
8.381539268677865806e+00,8.559731186905071842e-01
9.416234793278331239e+00,8.947532234417612251e-01
1.057866280165168682e+01,9.255167033980373770e-01
1.188459178512981573e+01,9.489902898031398193e-01
1.335173684495568658e+01,9.662175245735803442e-01
1.500000000000000000e+01,9.783771940569870873e-01
