5.000000000000000971e-02,1.688706008184605759e-06
5.617246720102575530e-02,3.108380457148250150e-06
6.310692142900625745e-02,5.634199876717896170e-06
7.089742948257125865e-02,1.005859092188645484e-05
7.964967064493538862e-02,1.769011458831361842e-05
8.948237023750268970e-02,3.065390752782518670e-05
1.005289101447232603e-01,5.234385407472176994e-05
1.129391381571866332e-01,8.808903928013569291e-05
1.268814006769335978e-01,1.461147110427303141e-04
1.425448263589051412e-01,2.388960640282361883e-04
1.601418916664301417e-01,3.850185924485263192e-04
1.799113031428553333e-01,6.116667336933458458e-04
2.021212354977167946e-01,9.578563037289350001e-04
2.270729694325258896e-01,1.478497351580007786e-03
2.551049785537616854e-01,2.249313172371292767e-03
2.865975208125910445e-01,3.372539667523554146e-03
3.219777967548111963e-01,4.983181590513671537e-03
3.617257445533632598e-01,7.255409476911063582e-03
4.063805504338082186e-01,1.040845418067127756e-02
4.565479628075576612e-01,1.471111874332568792e-02
5.129085093300529419e-01,2.048381770389802459e-02
5.762267283493881509e-01,2.809692215002500618e-02
6.473615399712076002e-01,3.796419172539932524e-02
7.272778974247632311e-01,5.053026615874192662e-02
8.170598767824696074e-01,6.625160593198796410e-02
9.179253825967482738e-01,8.557092082315193027e-02
1.031242668938096685e+00,1.088859694099825193e-01
1.158548899944469746e+00,1.365145660461432597e-01
1.301571001658303750e+00,1.686585624816027140e-01
1.462249088009145437e+00,2.053703170889170371e-01
1.642762778718470651e+00,2.465255597088555906e-01
1.845560766132583463e+00,2.918064684496359806e-01
2.073394032061649739e+00,3.406973856977965065e-01
2.329353165215711119e+00,3.924979165845141615e-01
2.616910285453700080e+00,4.463494574515023960e-01
2.939966143553497613e+00,5.012768053364480281e-01
3.302903035417698696e+00,5.562407847801600358e-01
3.710644248503383036e+00,6.101970503569456028e-01
4.168720846874620634e+00,6.621556352077164753e-01
4.683346700825936182e+00,7.112355912023731186e-01
5.261502778863538232e+00,7.567096885401412010e-01
5.911031845476362179e+00,7.980354133800078298e-01
6.640744849284789808e+00,8.348702125400245810e-01
7.460540444736607490e+00,8.670708101321300543e-01
8.381539268677865806e+00,8.946781762309777841e-01
9.416234793278331239e+00,9.178911176167728891e-01
1.057866280165168682e+01,9.370323226663488381e-01
1.188459178512981573e+01,9.525109668625233450e-01
1.335173684495568658e+01,9.647857136860726879e-01
1.500000000000000000e+01,9.743312495997257239e-01
