5.000000000000000971e-02,1.072757358498043333e-06
5.617246720102575530e-02,1.751768702587996798e-06
6.310692142900625745e-02,2.839257884714043032e-06
7.089742948257125865e-02,4.567604979388202466e-06
7.964967064493538862e-02,7.293161796214549015e-06
8.948237023750268970e-02,1.155729173543119192e-05
1.005289101447232603e-01,1.817426979430003867e-05
1.129391381571866332e-01,2.835588558502932891e-05
1.268814006769335978e-01,4.388503827013564732e-05
1.425448263589051412e-01,6.735302655634494969e-05
1.601418916664301417e-01,1.024772237842683123e-04
1.799113031428553333e-01,1.545168290174394905e-04
2.021212354977167946e-01,2.308037020838373215e-04
2.270729694325258896e-01,3.414021614750967302e-04
2.551049785537616854e-01,4.999053564979825341e-04
2.865975208125910445e-01,7.243659866073957508e-04
3.219777967548111963e-01,1.038345779926134940e-03
3.617257445533632598e-01,1.472051993879856281e-03
4.063805504338082186e-01,2.063511805736347078e-03
4.565479628075576612e-01,2.859719135819296064e-03
5.129085093300529419e-01,3.917676034350572011e-03
5.762267283493881509e-01,5.305245156086790294e-03
6.473615399712076002e-01,7.101733321661874918e-03
7.272778974247632311e-01,9.398139649392598521e-03
8.170598767824696074e-01,1.229702419517772136e-02
9.179253825967482738e-01,1.591198114815975048e-02
1.031242668938096685e+00,2.036672901439185238e-02
1.158548899944469746e+00,2.579385223970584451e-02
1.301571001658303750e+00,3.233323785944146322e-02
1.462249088009145437e+00,4.013024237215208345e-02
1.642762778718470651e+00,4.933359709475015203e-02
1.845560766132583463e+00,6.009301864470632804e-02
2.073394032061649739e+00,7.255644400892644064e-02
2.329353165215711119e+00,8.686677023549863041e-02
2.616910285453700080e+00,1.031579623364241027e-01
2.939966143553497613e+00,1.215504131667832777e-01
3.302903035417698696e+00,1.421455041170064659e-01
3.710644248503383036e+00,1.650194250794426165e-01
4.168720846874620634e+00,1.902164557437620029e-01
4.683346700825936182e+00,2.177420676806999522e-01
5.261502778863538232e+00,2.475563512800278976e-01
5.911031845476362179e+00,2.795683753643120051e-01
6.640744849284789808e+00,3.136321264571588774e-01
7.460540444736607490e+00,3.495446348517023405e-01
8.381539268677865806e+00,3.870467738608848185e-01
9.416234793278331239e+00,4.258270278790960983e-01
1.057866280165168682e+01,4.655282857990944434e-01
1.188459178512981573e+01,5.057574572246361644e-01
1.335173684495568658e+01,5.460974599656369666e-01
1.500000000000000000e+01,5.861209160556559716e-01
