5.000000000000000971e-02,2.670816990627812538e-04
5.617246720102575530e-02,3.667961452539640925e-04
6.310692142900625745e-02,5.003477360325329351e-04
7.089742948257125865e-02,6.779268871168358558e-04
7.964967064493538862e-02,9.123370774540961320e-04
8.948237023750268970e-02,1.219516804051308523e-03
1.005289101447232603e-01,1.619121327846216813e-03
1.129391381571866332e-01,2.135157992167450568e-03
1.268814006769335978e-01,2.796664128091203363e-03
1.425448263589051412e-01,3.638410975448857880e-03
1.601418916664301417e-01,4.701610780990293434e-03
1.799113031428553333e-01,6.034597517611314105e-03
2.021212354977167946e-01,7.693444834970691350e-03
2.270729694325258896e-01,9.742478340525989947e-03
2.551049785537616854e-01,1.225463365449099354e-02
2.865975208125910445e-01,1.531160749106047145e-02
3.219777967548111963e-01,1.900374694267157813e-02
3.617257445533632598e-01,2.342962283308488991e-02
4.063805504338082186e-01,2.869523704985982998e-02
4.565479628075576612e-01,3.491282163733293309e-02
5.129085093300529419e-01,4.219919940971229161e-02
5.762267283493881509e-01,5.067369196123457098e-02
6.473615399712076002e-01,6.045558093227497432e-02
7.272778974247632311e-01,7.166115162119952864e-02
8.170598767824696074e-01,8.440037354245810697e-02
9.179253825967482738e-01,9.877329901735792950e-02
1.031242668938096685e+00,1.148662867566831447e-01
1.158548899944469746e+00,1.327481808672150709e-01
1.301571001658303750e+00,1.524665949191585657e-01
1.462249088009145437e+00,1.740444638398845334e-01
1.642762778718470651e+00,1.974770318568777605e-01
1.845560766132583463e+00,2.227294412746566865e-01
2.073394032061649739e+00,2.497350738226588596e-01
2.329353165215711119e+00,2.783947735615623365e-01
2.616910285453700080e+00,3.085770484818466941e-01
2.939966143553497613e+00,3.401193082711874704e-01
3.302903035417698696e+00,3.728301502230936815e-01
3.710644248503383036e+00,4.064926564124199393e-01
4.168720846874620634e+00,4.408686159630771373e-01
4.683346700825936182e+00,4.757034804519296722e-01
5.261502778863538232e+00,5.107320783661634112e-01
5.911031845476362179e+00,5.456846819393914583e-01
6.640744849284789808e+00,5.802931359149854362e-01
7.460540444736607490e+00,6.142970634099973459e-01
8.381539268677865806e+00,6.474497393918388077e-01
9.416234793278331239e+00,6.795234505137818237e-01
1.057866280165168682e+01,7.103141477071721610e-01
1.188459178512981573e+01,7.396452347327139298e-01
1.335173684495568658e+01,7.673703800009167297e-01
1.500000000000000000e+01,7.933752874923778453e-01
