5.000000000000000971e-02,1.430244965611261661e-05
5.617246720102575530e-02,2.894543412302438194e-05
6.310692142900625745e-02,5.711868602706996091e-05
7.089742948257125865e-02,1.099095898856479990e-04
7.964967064493538862e-02,2.062462400267920520e-04
8.948237023750268970e-02,3.774564864720487056e-04
1.005289101447232603e-01,6.737820091060895203e-04
1.129391381571866332e-01,1.173246576918351818e-03
1.268814006769335978e-01,1.993091604529594572e-03
1.425448263589051412e-01,3.303616795291209295e-03
1.601418916664301417e-01,5.343665403355814941e-03
1.799113031428553333e-01,8.436182892090714203e-03
2.021212354977167946e-01,1.300133511893959877e-02
2.270729694325258896e-01,1.956376602663427097e-02
2.551049785537616854e-01,2.874995834178765627e-02
2.865975208125910445e-01,4.127163745570544551e-02
3.219777967548111963e-01,5.789201229861686004e-02
3.617257445533632598e-01,7.937354456362305521e-02
4.063805504338082186e-01,1.064088279515914143e-01
4.565479628075576612e-01,1.395397028168743891e-01
5.129085093300529419e-01,1.790732993248330684e-01
5.762267283493881509e-01,2.250064661861870263e-01
6.473615399712076002e-01,2.769711588137550029e-01
7.272778974247632311e-01,3.342122086099167388e-01
8.170598767824696074e-01,3.956052987205564975e-01
9.179253825967482738e-01,4.597173361651064605e-01
1.031242668938096685e+00,5.249047031264372221e-01
1.158548899944469746e+00,5.894384317732261902e-01
1.301571001658303750e+00,6.516405696667189051e-01
1.462249088009145437e+00,7.100139667501836893e-01
1.642762778718470651e+00,7.633488922502915663e-01
1.845560766132583463e+00,8.107940119573407989e-01
2.073394032061649739e+00,8.518853882668288025e-01
2.329353165215711119e+00,8.865339626539354700e-01
2.616910285453700080e+00,9.149780462000876025e-01
2.939966143553497613e+00,9.377115753409732690e-01
3.302903035417698696e+00,9.554007128313296571e-01
3.710644248503383036e+00,9.688008107722703155e-01
4.168720846874620634e+00,9.786833269697658988e-01
4.683346700825936182e+00,9.857788132457548924e-01
5.261502778863538232e+00,9.907384374535286309e-01
5.911031845476362179e+00,9.941133642143245019e-01
6.640744849284789808e+00,9.963491283873410209e-01
7.460540444736607490e+00,9.977910141650259135e-01
8.381539268677865806e+00,9.986962801423422409e-01
9.416234793278331239e+00,9.992495784509852763e-01
1.057866280165168682e+01,9.995787919969143509e-01
1.188459178512981573e+01,9.997694823582008450e-01
1.335173684495568658e+01,9.998770075019925985e-01
1.500000000000000000e+01,9.999360302183319948e-01
