PGA,RES1,RES2,RES3,RES4,RES5,RES6,COM1,COM2,COM3,COM4,COM5,COM6,COM7,COM8,COM9,COM10,IND1,IND2,IND3,IND4,IND5,IND6,GOV1,GOV2,EDU1,EDU2
0.05000000000000001,0.02094069649685189,0.012827257657273498,0.032617842543651986,0.02927354589003856,0.02927354589003856,0.032617842543651986,0.0284968878059087,0.0284968878059087,0.0284968878059087,0.05026495719642736,0.04893048545031645,0.05440602448825225,0.05240431686908588,0.04893048545031645,0.04893048545031645,0.015718201075023145,0.02831094991858168,0.02831094991858168,0.02831094991858168,0.02831094991858168,0.05296213053106692,0.026016999995949933,0.02927354589003856,0.026771720390198598,0.02927354589003856,0.032617842543651986
0.056172467201025755,0.03971264986681171,0.022935916154535302,0.06034489653347752,0.053242545848724,0.053242545848724,0.06034489653347752,0.05152506432549683,0.05152506432549683,0.05152506432549683,0.08924865290912663,0.08632251652091469,0.09786687230328733,0.09347766772096941,0.08632251652091469,0.08632251652091469,0.028857851698506513,0.05112217937050191,0.05112217937050191,0.05112217937050191,0.05112217937050191,0.09468632258595418,0.04642270637263042,0.053242545848724,0.048069560093692607,0.053242545848724,0.06034489653347752
0.06310692142900626,0.07384300093695796,0.04011975714184808,0.10948980899577207,0.09480582902222848,0.09480582902222848,0.10948980899577207,0.09112021891950663,0.09112021891950663,0.09112021891950663,0.15474094675991665,0.14851738013398427,0.17217630240218681,0.16284095246328822,0.14851738013398427,0.14851738013398427,0.05190527990290102,0.09027423341176978,0.09027423341176978,0.09027423341176978,0.09027423341176978,0.16537890898649876,0.08092629724008345,0.09480582902222848,0.08441079529495567,0.09480582902222848,0.10948980899577207
0.07089742948257126,0.13465270203471336,0.06873996267613579,0.19497358374654644,0.16541374238995554,0.16541374238995554,0.19497358374654644,0.15773788009895784,0.15773788009895784,0.15773788009895784,0.26223817127655785,0.24939772301536484,0.29653282802823444,0.277272155636445,0.24939772301536484,0.24939772301536484,0.09153245823900726,0.1560163514422261,0.1560163514422261,0.1560163514422261,0.1560163514422261,0.28243674160664023,0.13795989480421975,0.16541374238995554,0.14510925865250368,0.16541374238995554,0.19497358374654644
0.07964967064493539,0.2408063710448734,0.11551222226068351,0.3409570224928058,0.2830082461729751,0.2830082461729751,0.3409570224928058,0.2674917038379339,0.2674917038379339,0.2674917038379339,0.43482325434840546,0.40912180604856657,0.5004198733471779,0.4618677008974195,0.40912180604856657,0.40912180604856657,0.15835693756629432,0.26409673518300136,0.26409673518300136,0.26409673518300136,0.26409673518300136,0.4720526068622173,0.23022391709397333,0.2830082461729751,0.24444934761880727,0.2830082461729751,0.3409570224928058
0.08948237023750269,0.4223124619800513,0.19061486412975787,0.5857560554283159,0.4751109396805018,0.4751109396805018,0.5857560554283159,0.44466236989048175,0.44466236989048175,0.44466236989048175,0.7061568821342039,0.6562435363062442,0.8281893807476038,0.7533193620056642,0.6562435363062442,0.6562435363062442,0.26891771660345115,0.43817411121116845,0.43817411121116845,0.43817411121116845,0.43817411121116845,0.7727841380436039,0.37645391746006657,0.4751109396805018,0.40390546386824194,0.4751109396805018,0.5857560554283159
0.10052891014472326,0.7261576219932888,0.3092364862453853,0.9888043215061337,0.7830149996942487,0.7830149996942487,0.9888043215061337,0.7250050590799164,0.7250050590799164,0.7250050590799164,1.1243361966347367,1.030275585741309,1.345183098011617,1.2040921816714754,1.030275585741309,1.030275585741309,0.4484091102317664,0.7129881689868846,0.7129881689868846,0.7129881689868846,0.7129881689868846,1.2401428519505708,0.603738691861577,0.7830149996942487,0.655120378981106,0.7830149996942487,0.9888043215061337
0.11293913815718663,1.2238834132250365,0.49367888691602685,1.6401195244858666,1.267240355534891,1.267240355534891,1.6401195244858666,1.159923782885423,1.159923782885423,1.159923782885423,1.756721930023525,1.5846986254504232,2.1456013205466533,1.8875663636870006,1.5846986254504232,1.5846986254504232,0.7343121002346767,1.1383548722442116,1.1383548722442116,1.1383548722442116,1.1383548722442116,1.9522730956106347,0.9504703334762418,1.267240355534891,1.043759619402628,1.267240355534891,1.6401195244858666
0.1268814006769336,2.0212384233268046,0.7761102365589837,2.6725576330972913,2.014269162564123,2.014269162564123,2.6725576330972913,1.8214581187390608,1.8214581187390608,1.8214581187390608,2.6957345292797603,2.3903701435985134,3.3621364272040037,2.9040898486821325,2.3903701435985134,2.3903701435985134,1.1809855533423117,1.7839403381203325,1.7839403381203325,1.7839403381203325,1.7839403381203325,3.0166431905383178,1.469953815631352,2.014269162564123,1.6342715785563153,2.014269162564123,2.6725576330972913
0.14254482635890514,3.2696926628160297,1.2019938121580493,4.276746553702805,3.1443135051840123,3.1443135051840123,4.276746553702805,2.807819674686179,2.807819674686179,2.807819674686179,4.065422042655955,3.539196153890827,5.177024526511991,4.387685693364298,3.539196153890827,3.539196153890827,1.8651234657760005,2.7445756552637475,2.7445756552637475,2.7445756552637475,2.7445756552637475,4.577417751631593,2.234594464153505,3.1443135051840123,2.515409792779267,3.1443135051840123,4.276746553702805
0.16014189166643014,5.17905352198096,1.8340777836255944,6.717918099207438,4.81946034755282,4.81946034755282,6.717918099207438,4.248914979886913,4.248914979886913,4.248914979886913,6.02827979564599,5.147780604752204,7.833600245375814,6.512851459035135,5.147780604752204,5.147780604752204,2.891731623013773,4.145597038810953,4.145597038810953,4.145597038810953,4.145597038810953,6.822805282263015,3.3403988715303763,4.81946034755282,3.806095170288238,4.81946034755282,6.717918099207438
0.17991130314285533,8.029685508221357,2.756608622253945,10.352892251261688,7.251006244533718,7.251006244533718,10.352892251261688,6.310918296560935,6.310918296560935,6.310918296560935,8.79135224071504,7.360551066248415,11.646682364891237,9.500480603191301,7.360551066248415,7.360551066248415,4.399929253156009,6.147347221062987,6.147347221062987,6.147347221062987,6.147347221062987,9.991193829685143,4.911263293755059,7.251006244533718,5.660815477740513,7.251006244533718,10.352892251261688
0.2021212354977168,12.181990490281578,4.0791329421895615,15.644289711474046,10.704208117220926,10.704208117220926,15.644289711474046,9.19857139885702,9.19857139885702,9.19857139885702,12.61011761649931,10.3515874503736,17.00926692547058,13.621471676282017,10.3515874503736,10.3515874503736,6.567472619960385,8.947606916269752,8.947606916269752,8.947606916269752,8.947606916269752,14.37436512404382,7.102203291007364,10.704208117220926,8.27332081736138,10.704208117220926,15.644289711474046
0.2270729694325259,18.08001899130361,5.93892197537912,23.16786196647439,15.49817591540912,15.49817591540912,23.16786196647439,13.153591795655917,13.153591795655917,13.153591795655917,17.788159850867892,14.324099883017166,24.392255840843067,19.196165889066975,14.324099883017166,14.324099883017166,9.612505479516498,12.78043317962341,12.78043317962341,12.78043317962341,12.78043317962341,20.315641737164498,10.100355612672317,15.49817591540912,11.876973295343406,15.49817591540912,23.16786196647439
0.2551049785537617,26.245607042307803,8.500771886409847,33.60797059011043,21.99841683496391,21.99841683496391,33.60797059011043,18.4475054153419,18.4475054153419,18.4475054153419,24.67035046770731,19.506299886365678,34.33359206881756,26.58751619680512,19.506299886365678,19.506299886365678,13.790786929339749,17.90979236143536,17.90979236143536,17.90979236143536,17.90979236143536,28.20065535852474,14.12235429047296,21.99841683496391,16.73989290743107,21.99841683496391,33.60797059011043
0.28659752081259104,37.2595640083146,11.952818523334008,47.7361509395158,30.599829049724477,30.599829049724477,47.7361509395158,25.367528912964225,25.367528912964225,25.367528912964225,33.627415387810316,26.142405484006737,47.413536743629635,36.18602188792427,26.142405484006737,26.142405484006737,19.386678588678762,24.616625657283116,24.616625657283116,24.616625657283116,24.616625657283116,38.4387316549676,19.40667279736197,30.599829049724477,23.153181524765017,30.599829049724477,47.7361509395158
0.3219777967548112,51.72744222149504,16.4971838500083,66.36878497749899,41.69890969469594,41.69890969469594,66.36878497749899,34.194911654412564,34.194911654412564,34.194911654412564,45.030542305238846,34.47783982020412,64.21418084731536,48.38512711976327,34.47783982020412,34.47783982020412,26.696629263383244,33.17867683949545,33.17867683949545,33.17867683949545,33.17867683949545,51.43383156451463,26.199857826865944,41.69890969469594,31.41115001340605,41.69890969469594,66.36878497749899
0.36172574455336326,70.22943395396834,22.334838581881336,90.30245069280735,55.655630409798064,55.655630409798064,90.30245069280735,45.17640921097181,45.17640921097181,45.17640921097181,59.21617773060068,44.73840755295221,85.2637192750984,63.54706400862571,44.73840755295221,44.73840755295221,36.00485380718482,43.84355955136441,43.84355955136441,43.84355955136441,43.84355955136441,67.54561298744792,34.73633695451318,55.655630409798064,41.783676446408336,55.655630409798064,90.30245069280735
0.4063805504338082,93.25686153700252,29.645035324172177,120.22945307226934,72.74768215739385,72.74768215739385,120.22945307226934,58.491154831121456,58.491154831121456,58.491154831121456,76.44325795962396,57.104354105761985,110.96931113720584,81.96095535641288,57.104354105761985,57.104354105761985,47.55232471905879,56.79702932192493,56.79702932192493,56.79702932192493,56.79702932192493,87.04333188400244,45.21264534781521,72.74768215739385,54.48248914776341,72.74768215739385,120.22945307226934
0.45654796280755766,121.14114284218023,38.560930131559495,156.64086795815058,93.12220277452423,93.12220277452423,156.64086795815058,74.21682337324737,74.21682337324737,74.21682337324737,96.8474653737899,71.68158849318877,141.54593546141916,103.79712014051746,71.68158849318877,71.68158849318877,61.501887070906534,72.12999088013927,72.12999088013927,72.12999088013927,72.12999088013927,110.05761761984175,57.75833606781645,93.12220277452423,69.62501584986366,93.12220277452423,156.64086795815058
0.5129085093300529,153.98432509793432,49.14432556783048,199.72918402626146,116.75209094612401,116.75209094612401,199.72918402626146,92.30023106005103,92.30023106005103,92.30023106005103,120.39914247019114,88.47370267533961,176.95166218121958,129.0635024889423,88.47370267533961,88.47370267533961,77.90392542998393,89.80903775712486,89.80903775712486,89.80903775712486,89.80903775712486,136.53708239772084,72.40722899763523,116.75209094612401,87.20103110079604,116.75209094612401,199.72918402626146
0.5762267283493882,191.6024114850691,61.36349408317747,249.30604649643266,143.404936319313,143.404936319313,249.30604649643266,112.53795569025162,112.53795569025162,112.53795569025162,146.87258429921798,107.3593783150891,216.841228468922,157.5714194927287,107.3593783150891,107.3593783150891,96.66811773751078,109.65588057189579,109.65588057189579,109.65588057189579,109.65588057189579,166.21764484779618,89.07363989056144,143.404936319313,107.0481670825308,143.404936319313,249.30604649643266
0.6473615399712076,233.49293172003482,75.07842032424657,304.75143761320874,172.6319481947043,172.6319481947043,304.75143761320874,134.57188301746572,134.57188301746572,134.57188301746572,175.8340207406272,128.0799644619915,260.5489585650179,188.91787414706437,128.0799644619915,128.0799644619915,117.54698399649814,131.34055265033334,131.34055265033334,131.34055265033334,131.34055265033334,198.61186524846147,107.53844199942418,172.6319481947043,128.8420113708567,172.6319481947043,304.75143761320874
0.7272778974247632,278.83602189819504,90.03727598845936,365.0080364026685,203.781865017985,203.781865017985,365.0080364026685,157.90271556275806,157.90271556275806,157.90271556275806,206.6534555371257,150.24118658357258,307.1085927865479,222.4901893562182,150.24118658357258,150.24118658357258,140.1359085788827,154.39167572998267,154.39167572998267,154.39167572998267,154.39167572998267,233.02330885454435,127.4490006309692,203.781865017985,152.10482333677922,203.781865017985,365.0080364026685
0.8170598767824696,326.53372244212835,105.88645732105886,428.6284255868371,236.04095129655366,236.04095129655366,428.6284255868371,181.92166493333366,181.92166493333366,181.92166493333366,238.5418633466521,173.3310885732615,355.3118829698797,257.49572080979385,173.3310885732615,173.3310885732615,163.89208923358876,178.22450212994346,178.22450212994346,178.22450212994346,178.22450212994346,268.58720921996445,148.33517073869473,236.04095129655366,176.2340336688086,236.04095129655366,428.6284255868371
0.9179253825967483,375.28597067538004,122.19428397108396,493.87415774476887,268.49556942793697,268.49556942793697,493.87415774476887,205.95732907109905,205.95732907109905,205.95732907109905,270.6107413708942,196.75368159040787,403.80094011338406,293.01535044265455,196.75368159040787,196.75368159040787,188.17177832342935,202.18438926321625,202.18438926321625,202.18438926321625,202.18438926321625,304.334169866303,169.64093077858956,268.49556942793697,200.54818371855637,268.49556942793697,493.87415774476887
1.0312426689380967,423.69510977576164,138.4859325025121,558.8562064332409,300.2094816792275,300.2094816792275,558.8562064332409,229.33185040180092,229.33185040180092,229.33185040180092,301.94667694610075,219.87490037245828,451.1828201522779,328.07515529181416,219.87490037245828,219.87490037245828,212.28185370459914,225.60046863639562,225.60046863639562,225.60046863639562,225.60046863639562,339.26930058803003,190.76836816736198,300.2094816792275,224.34459663425162,300.2094816792275,558.8562064332409
1.1585488999444697,470.3851796252235,154.28494832867145,621.6982012766678,330.3050465626127,330.3050465626127,621.6982012766678,251.41856378195814,251.41856378195814,251.41856378195814,331.690491955085,242.07500926527916,496.1502925401552,361.72706850544637,242.07500926527916,242.07500926527916,235.53895116072985,247.8422304789077,247.8422304789077,247.8422304789077,247.8422304789077,372.4560684145977,211.12829069776467,330.3050465626127,246.9606737661174,330.3050465626127,621.6982012766678
1.3015710016583038,514.1191702779884,169.1553068788168,680.6991031310972,358.0365931166578,358.0365931166578,680.6991031310972,271.6929587253114,271.6929587253114,271.6929587253114,359.1094655522439,262.8001729398319,537.5913258927798,393.12738697416177,262.8001729398319,262.8001729398319,257.3278032478907,268.37107265162285,268.37107265162285,268.37107265162285,268.37107265162285,403.0930451952273,230.19032335979782,358.0365931166578,267.82989768674935,358.0365931166578,680.6991031310972
1.4622490880091454,553.8976213328772,182.73783992231498,734.471866374507,382.8457315556784,382.8457315556784,734.471866374507,289.77001367656044,289.77001367656044,289.77001367656044,383.6524146318017,281.6058983706822,574.6719388715792,421.6021644799,281.6058983706822,281.6058983706822,277.15048143546943,286.7797475492266,286.7797475492266,286.7797475492266,286.7797475492266,430.57296286190154,247.52533905626973,382.8457315556784,286.52462135553264,382.8457315556784,734.471866374507
1.6427627787184707,589.0254390026023,194.77595404450744,782.0392389934933,404.39183013765495,404.39183013765495,782.0392389934933,305.42351723650216,305.42351723650216,305.42351723650216,404.98071542942444,298.1864998423226,606.8821878523672,446.69086447171435,298.1864998423226,298.1864998423226,294.65994082424356,302.8148830078525,302.8148830078525,302.8148830078525,302.8148830078525,454.5167671576634,262.8344905792939,404.39183013765495,302.7802861560774,404.39183013765495,782.0392389934933
1.8455607661325835,619.1397436168479,205.12766275384166,822.8760358843454,422.55549896940204,422.55549896940204,822.8760358843454,318.58625505011634,318.58625505011634,318.58625505011634,422.972855073112,312.3873007194328,634.0419265059579,468.16359497543937,312.3873007194328,312.3873007194328,309.67421083435147,316.38081823865184,316.38081823865184,316.38081823865184,316.38081823865184,474.7799054098328,275.96161985026606,422.55549896940204,316.49919932059987,422.55549896940204,822.8760358843454
2.0733940320616497,644.1985297169122,213.7635062298536,856.8969830146934,437.4175747116236,437.4175747116236,856.8969830146934,329.3331525245154,329.3331525245154,329.3331525245154,437.7047224804891,324.1993528520792,656.2699359518681,486.01188150925327,324.1993528520792,324.1993528520792,322.17105180067244,327.5261700440815,327.5261700440815,327.5261700440815,327.5261700440815,491.432828950555,286.8888124495471,437.4175747116236,327.7355731264069,437.4175747116236,856.8969830146934
2.329353165215711,664.436320274118,220.7523351511447,884.398290942616,449.21977571756616,449.21977571756616,884.398290942616,337.8519364879663,337.8519364879663,337.8519364879663,449.4115543448226,333.7393194587279,673.9255528899774,500.41720056083534,333.7393194587279,333.7393194587279,332.26610479387307,336.41713793580135,336.41713793580135,336.41713793580135,336.41713793580135,504.7215962173303,295.717647215023,449.21977571756616,336.66638976399616,449.21977571756616,884.398290942616
2.6169102854537,680.2974998390149,226.2386718591934,905.9675680931446,458.31522132288745,458.31522132288745,905.9675680931446,344.40717668630145,344.40717668630145,344.40717668630145,458.4395478766439,341.219226796177,687.5349952612094,511.704513640509,341.219226796177,341.219226796177,340.1798315579466,343.3030845383411,343.3030845383411,343.3030845383411,343.3030845383411,515.0167900843899,302.6406773386163,458.31522132288745,343.5542712787058,458.31522132288745,905.9675680931446
2.9399661435534976,692.3598957559299,230.4161420684631,922.3794715700509,465.11719328175496,465.11719328175496,922.3794715700509,349.3035893005726,349.3035893005726,349.3035893005726,465.1954224942408,346.9116983813284,697.7149045288753,520.2893183595069,346.9116983813284,346.9116983813284,346.1995051810864,348.48021592332924,348.48021592332924,348.48021592332924,348.48021592332924,522.7594384912369,307.90854291934966,465.11719328175496,348.7087399190593,465.11719328175496,922.3794715700509
3.3029030354176987,701.2604410105317,233.50127592671222,934.4935880061322,470.0531379652706,470.0531379652706,934.4935880061322,352.85344191218877,352.85344191218877,352.85344191218877,470.10091152821093,351.1160176370791,705.103593729376,526.6262528926783,351.1160176370791,351.1160176370791,350.6421638960009,352.2583759661721,352.2583759661721,352.2583759661721,352.2583759661721,528.4114507307283,311.7978406417828,470.0531379652706,352.4512485155211,470.0531379652706,934.4935880061322
3.710644248503383,707.6320116643527,235.71102676104488,943.1672901626187,473.5285553822703,473.5285553822703,943.1672901626187,355.3512116841087,355.3512116841087,355.3512116841087,473.55686878938906,354.1291766888026,710.3069897769648,531.1654516260852,354.1291766888026,354.1291766888026,353.82308418395604,354.9344288833004,354.9344288833004,354.9344288833004,354.9344288833004,532.4158000285101,314.5837205883977,473.5285553822703,355.0875892899403,473.5285553822703,943.1672901626187
4.168720846874621,712.056751407468,237.24600354354797,949.191080103747,475.90278782321417,475.90278782321417,949.191080103747,357.0567960118341,357.0567960118341,357.0567960118341,475.91907158819714,356.2243845633579,713.8623236173128,534.3202930800538,356.2243845633579,356.2243845633579,356.0324466449798,356.7738976073477,356.7738976073477,356.7738976073477,356.7738976073477,535.168988293513,316.51955739184007,475.90278782321417,356.88928374093047,475.90278782321417,949.191080103747
4.683346700825936,715.0373754352738,238.2800296235819,953.248613676531,477.4764041485778,477.4764041485778,953.248613676531,358.18696531216,358.18696531216,358.18696531216,477.48549173102356,357.637778060404,716.2191500140896,536.4475795081602,357.637778060404,357.637778060404,357.52095961324835,358.0008737007594,358.0008737007594,358.0008737007594,358.0008737007594,537.005854342362,317.82438766279887,477.4764041485778,358.08377823867306,477.4764041485778,953.248613676531
5.261502778863538,716.9848602847644,238.95551431364316,955.8992951789344,478.48825121124395,478.48825121124395,955.8992951789344,358.9136329839865,358.9136329839865,358.9136329839865,478.4931721258286,358.5626608721152,717.7348372741583,537.8390703935881,358.5626608721152,358.5626608721152,358.4936603710284,358.79500197516785,358.79500197516785,358.79500197516785,358.79500197516785,538.194963420044,318.6774584221744,478.48825121124395,358.85201385477666,478.48825121124395,955.8992951789344
5.911031845476362,718.2189869229314,239.38341013493638,957.5786164322216,479.1194315409452,479.1194315409452,957.5786164322216,359.3669731992652,359.3669731992652,359.3669731992652,479.12201689976183,359.1496887778644,718.6804399908261,538.72194780798,359.1496887778644,359.1496887778644,359.1101398011699,359.29368327252604,359.29368327252604,359.29368327252604,359.29368327252604,538.9418175881974,319.2183763422646,479.1194315409452,359.3313022607957,479.1194315409452,957.5786164322216
6.64074484928479,718.9774552440151,239.6462457237429,958.6103556787518,479.5013738000625,479.5013738000625,958.6103556787518,359.64137324873695,359.64137324873695,359.64137324873695,479.50269159429484,359.51105169542353,719.2527195972099,539.265259748903,359.51105169542353,359.51105169542353,359.48905707056565,359.5974934662217,359.5974934662217,359.5974934662217,359.5974934662217,539.3968990964488,319.55100904474506,479.5013738000625,359.6213553152276,479.5013738000625,958.6103556787518
7.4605404447366075,719.4295010568615,239.80279091732962,959.2250319958864,479.7255717356074,479.7255717356074,959.2250319958864,359.8025091848088,359.8025091848088,359.8025091848088,479.726223365649,359.72678084846075,719.5886834184319,539.5895196426495,359.72678084846075,359.72678084846075,359.7149134359411,359.77704919601223,359.77704919601223,359.77704919601223,359.77704919601223,539.6658996090391,319.7493717302946,479.7255717356074,359.79161921735164,479.7255717356074,959.2250319958864
8.381539268677866,719.6907603128401,239.89319567804517,959.5801273723164,479.85322733006825,479.85322733006825,959.5801273723164,359.89430583769183,359.89430583769183,359.89430583769183,479.8535399070705,359.8516700940275,719.7799972836035,539.777192564039,359.8516700940275,359.8516700940275,359.84545830067066,359.87998973080295,359.87998973080295,359.87998973080295,359.87998973080295,539.8201408847057,319.86407946067595,479.85322733006825,359.88856290983836,479.85322733006825,959.5801273723164
9.416234793278331,719.8371746865852,239.94381613212977,959.7790335744202,479.92373036308624,479.92373036308624,959.7790335744202,359.94503603281845,359.94503603281845,359.94503603281845,479.92387580577474,359.92177773443973,719.8856682659735,539.882521158971,359.92177773443973,359.92177773443973,359.9186237039647,359.937234785796,359.937234785796,359.937234785796,359.937234785796,539.9059249000383,319.92839873089383,479.92373036308624,359.94210016637624,479.92373036308624,959.7790335744202
10.578662801651687,719.916735387233,239.9712970789817,959.8870625353877,479.96149813688936,479.96149813688936,959.8870625353877,359.97223118539546,359.97223118539546,359.97223118539546,479.96156377908216,359.95993746369413,719.9422800264305,539.9398405533485,359.95993746369413,359.95993746369413,359.9583841041647,359.96811139743073,359.96811139743073,359.96811139743073,359.96811139743073,539.9521999172425,319.9633678707513,479.96149813688936,359.97077628915514,479.96149813688936,959.8870625353877
11.884591785129816,719.9586531205339,239.98576134957742,959.9439485345634,479.9811212111626,479.9811212111626,959.9439485345634,359.98637226957385,359.98637226957385,359.98637226957385,479.9811499460046,359.9800757495625,719.9716961841648,539.9700848895015,359.9800757495625,359.9800757495625,359.97933374397746,359.98426385128937,359.98426385128937,359.98426385128937,359.98426385128937,539.976410144355,319.98180127029707,479.9811212111626,359.98567336625194,479.9811212111626,959.9439485345634
13.351736844955687,719.9800654550443,239.99314224968995,959.972990736185,479.99100973964397,479.99100973964397,959.972990736185,359.9935044442694,359.9935044442694,359.9935044442694,479.9910219393176,359.99037952977494,719.9865207093027,539.9855570949888,359.99037952977494,359.99037952977494,359.99003577744054,359.9924587395467,359.9924587395467,359.9924587395467,359.9924587395467,539.9886942091568,319.9912220137267,479.99100973964397,359.99317899144535,479.99100973964397,959.972990736185
15.0,719.9906697354302,239.9967936484848,959.9873654461867,479.99584258088896,479.99584258088896,959.9873654461867,359.9969933714133,359.9969933714133,359.9969933714133,479.9958476040981,359.9954905649236,719.9937663829379,539.9932308241763,359.9954905649236,359.9954905649236,359.99533612351735,359.99649076151366,359.99649076151366,359.99649076151366,359.99649076151366,539.9947386538752,319.99588976859667,479.99584258088896,359.99684646482086,479.99584258088896,959.9873654461867
