5.000000000000000971e-02,3.240090988264392137e-04
5.617246720102575530e-02,5.631720267179023262e-04
6.310692142900625745e-02,9.452758861428431098e-04
7.089742948257125865e-02,1.533675318503157844e-03
7.964967064493538862e-02,2.408198172633046596e-03
8.948237023750268970e-02,3.665125969995381740e-03
1.005289101447232603e-01,5.416655013440762646e-03
1.129391381571866332e-01,7.791215958209845444e-03
1.268814006769335978e-01,1.093684747954750888e-02
1.425448263589051412e-01,1.503020945663664960e-02
1.601418916664301417e-01,2.029332904169787663e-02
1.799113031428553333e-01,2.701846497592912469e-02
2.021212354977167946e-01,3.559853458503733220e-02
2.270729694325258896e-01,4.655682170283277632e-02
2.551049785537616854e-01,6.056610721848595946e-02
2.865975208125910445e-01,7.844521180185470843e-02
3.219777967548111963e-01,1.011215133141028372e-01
3.617257445533632598e-01,1.295521999941429692e-01
4.063805504338082186e-01,1.646049068941560500e-01
4.565479628075576612e-01,2.069088666449048486e-01
5.129085093300529419e-01,2.566985065971019164e-01
5.762267283493881509e-01,3.136794431725138943e-01
6.473615399712076002e-01,3.769489448981708790e-01
7.272778974247632311e-01,4.449971100069634589e-01
8.170598767824696074e-01,5.158012642917284563e-01
9.179253825967482738e-01,5.870070204981332473e-01
1.031242668938096685e+00,6.561697873981001683e-01
1.158548899944469746e+00,7.210158170249303389e-01
1.301571001658303750e+00,7.796766217200314930e-01
1.462249088009145437e+00,8.308565558144438423e-01
1.642762778718470651e+00,8.739088684174808330e-01
1.845560766132583463e+00,9.088160207531766899e-01
2.073394032061649739e+00,9.360896772929736542e-01
2.329353165215711119e+00,9.566194325808223820e-01
2.616910285453700080e+00,9.715042838885630250e-01
2.939966143553497613e+00,9.818972916247986626e-01
3.302903035417698696e+00,9.888843669360868338e-01
3.710644248503383036e+00,9.934063955451507555e-01
4.168720846874620634e+00,9.962233865819962730e-01
4.683346700825936182e+00,9.979122181214395981e-01
5.261502778863538232e+00,9.988864758881628170e-01
5.911031845476362179e+00,9.994272170061456739e-01
6.640744849284789808e+00,9.997159373116780712e-01
7.460540444736607490e+00,9.998642181888635072e-01
8.381539268677865806e+00,9.999374607020660166e-01
9.416234793278331239e+00,9.999722515350798480e-01
1.057866280165168682e+01,9.999881423398724323e-01
1.188459178512981573e+01,9.999951208881336928e-01
1.335173684495568658e+01,9.999980672335033738e-01
1.500000000000000000e+01,9.999992630522182013e-01
