5.000000000000000971e-02,2.542259447511272642e-05
5.617246720102575530e-02,4.705440509119997134e-05
6.310692142900625745e-02,8.536605287781152702e-05
7.089742948257125865e-02,1.518027481292603183e-04
7.964967064493538862e-02,2.646011264485782213e-04
8.948237023750268970e-02,4.520983012430480376e-04
1.005289101447232603e-01,7.572136804972468384e-04
1.129391381571866332e-01,1.243276705256002876e-03
1.268814006769335978e-01,2.001265971028321020e-03
1.425448263589051412e-01,3.158336223329669731e-03
1.601418916664301417e-01,4.887229896186741016e-03
1.799113031428553333e-01,7.415805792563828075e-03
2.021212354977167946e-01,1.103549968426123691e-02
2.270729694325258896e-01,1.610711951908421619e-02
2.551049785537616854e-01,2.306205944039891459e-02
2.865975208125910445e-01,3.239689913879421207e-02
3.219777967548111963e-01,4.465954580836560550e-02
3.617257445533632598e-01,6.042565603770320287e-02
4.063805504338082186e-01,8.026506777126529713e-02
4.565479628075576612e-01,1.046993181691085878e-01
5.129085093300529419e-01,1.341528672405719880e-01
5.762267283493881509e-01,1.689021517091856550e-01
6.473615399712076002e-01,2.090277747082339432e-01
7.272778974247632311e-01,2.543757222794513773e-01
8.170598767824696074e-01,3.045332914119801559e-01
9.179253825967482738e-01,3.588243501937565250e-01
1.031242668938096685e+00,4.163267154099186684e-01
1.158548899944469746e+00,4.759120523246834211e-01
1.301571001658303750e+00,5.363060928991814080e-01
1.462249088009145437e+00,5.961644794826786997e-01
1.642762778718470651e+00,6.541574929883198219e-01
1.845560766132583463e+00,7.090555815340221502e-01
2.073394032061649739e+00,7.598071614709430710e-01
2.329353165215711119e+00,8.056007356412663301e-01
2.616910285453700080e+00,8.459049864913077421e-01
2.939966143553497613e+00,8.799008690238052655e-01
3.302903035417698696e+00,9.062893288775775158e-01
3.710644248503383036e+00,9.281980705634915729e-01
4.168720846874620634e+00,9.459933451942933447e-01
4.683346700825936182e+00,9.601341117648168888e-01
5.261502778863538232e+00,9.711271950163853361e-01
5.911031845476362179e+00,9.794878799472475084e-01
6.640744849284789808e+00,9.857085562026490777e-01
7.460540444736607490e+00,9.902365363215199778e-01
8.381539268677865806e+00,9.934608738075996204e-01
9.416234793278331239e+00,9.957070486928739639e-01
1.057866280165168682e+01,9.972378255026668192e-01
1.188459178512981573e+01,9.982583975297993906e-01
1.335173684495568658e+01,9.989240342497516245e-01
1.500000000000000000e+01,9.993487429398589805e-01
