5.000000000000000971e-02,1.052972532584432394e-03
5.617246720102575530e-02,1.491717458184957249e-03
6.310692142900625745e-02,2.100005788051190550e-03
7.089742948257125865e-02,2.937583169739630892e-03
7.964967064493538862e-02,4.082416124822534423e-03
8.948237023750268970e-02,5.634813894863893724e-03
1.005289101447232603e-01,7.721810181368986628e-03
1.129391381571866332e-01,1.050150754636227854e-02
1.268814006769335978e-01,1.416695367048195590e-02
1.425448263589051412e-01,1.894898238559136749e-02
1.601418916664301417e-01,2.511733277543002490e-02
1.799113031428553333e-01,3.297928150500799294e-02
2.021212354977167946e-01,4.287501498849410897e-02
2.270729694325258896e-01,5.516905666631877203e-02
2.551049785537616854e-01,7.023727264145968041e-02
2.865975208125910445e-01,8.844931690403887159e-02
3.219777967548111963e-01,1.101468387405704907e-01
3.617257445533632598e-01,1.356183311246208500e-01
4.063805504338082186e-01,1.650720973580434014e-01
4.565479628075576612e-01,1.986093792441168682e-01
5.129085093300529419e-01,2.362001333949754756e-01
5.762267283493881509e-01,2.776641688816235964e-01
6.473615399712076002e-01,3.226602873663280135e-01
7.272778974247632311e-01,3.706856440853767420e-01
8.170598767824696074e-01,4.210867690296671850e-01
9.179253825967482738e-01,4.730826045497024679e-01
1.031242668938096685e+00,5.257986402093564049e-01
1.158548899944469746e+00,5.783099196175904844e-01
1.301571001658303750e+00,6.267905326797080789e-01
1.462249088009145437e+00,6.696834790798261716e-01
1.642762778718470651e+00,7.108980441347775292e-01
1.845560766132583463e+00,7.498754640378012537e-01
2.073394032061649739e+00,7.861549417016837626e-01
2.329353165215711119e+00,8.193890530741608780e-01
2.616910285453700080e+00,8.493512063075827623e-01
2.939966143553497613e+00,8.759351704491376012e-01
3.302903035417698696e+00,8.991474084282005119e-01
3.710644248503383036e+00,9.190935268864289798e-01
4.168720846874620634e+00,9.359605370488024434e-01
4.683346700825936182e+00,9.499967824944690609e-01
5.261502778863538232e+00,9.614913394362107901e-01
5.911031845476362179e+00,9.707544678866626420e-01
6.640744849284789808e+00,9.781003409095215817e-01
7.460540444736607490e+00,9.838328647856388054e-01
8.381539268677865806e+00,9.882349838913374596e-01
9.416234793278331239e+00,9.915614887560669777e-01
1.057866280165168682e+01,9.940350474553421023e-01
1.188459178512981573e+01,9.958449758574484667e-01
1.335173684495568658e+01,9.971481525455536676e-01
1.500000000000000000e+01,9.980714586897037055e-01
