5.000000000000000971e-02,2.655810214104114067e-02
5.617246720102575530e-02,3.311160391737637959e-02
6.310692142900625745e-02,4.103051392373959633e-02
7.089742948257125865e-02,5.051885308568238031e-02
7.964967064493538862e-02,6.178838815303866472e-02
8.948237023750268970e-02,7.505255259591922523e-02
1.005289101447232603e-01,9.051887957102530691e-02
1.129391381571866332e-01,1.083800794662894279e-01
1.268814006769335978e-01,1.288040291130570503e-01
1.425448263589051412e-01,1.519230819815133859e-01
1.601418916664301417e-01,1.778232456751138169e-01
1.799113031428553333e-01,2.065338894814952031e-01
2.021212354977167946e-01,2.380187242438233652e-01
2.270729694325258896e-01,2.721688238788098069e-01
2.551049785537616854e-01,3.087984200714568583e-01
2.865975208125910445e-01,3.476440919573866584e-01
3.219777967548111963e-01,3.883677911718100284e-01
3.617257445533632598e-01,4.305638982027175099e-01
4.063805504338082186e-01,4.737702159102306076e-01
4.565479628075576612e-01,5.174824953467853650e-01
5.129085093300529419e-01,5.611717878898332401e-01
5.762267283493881509e-01,6.043036583053289501e-01
6.473615399712076002e-01,6.463581056323085550e-01
7.272778974247632311e-01,6.868489463314858545e-01
8.170598767824696074e-01,7.191832602231696958e-01
9.179253825967482738e-01,7.475120685052971670e-01
1.031242668938096685e+00,7.747073924577482229e-01
1.158548899944469746e+00,8.005374671693518129e-01
1.301571001658303750e+00,8.248104183551117075e-01
1.462249088009145437e+00,8.473779986706164724e-01
1.642762778718470651e+00,8.681373082135248609e-01
1.845560766132583463e+00,8.870305423265312239e-01
2.073394032061649739e+00,9.040429272468977207e-01
2.329353165215711119e+00,9.191991014133933380e-01
2.616910285453700080e+00,9.325582710974644751e-01
2.939966143553497613e+00,9.442085101411195058e-01
3.302903035417698696e+00,9.542605846164063932e-01
3.710644248503383036e+00,9.628416665543515496e-01
4.168720846874620634e+00,9.700892611045225378e-01
4.683346700825936182e+00,9.761456146463737271e-01
5.261502778863538232e+00,9.811528042505368585e-01
5.911031845476362179e+00,9.852486382008303067e-01
6.640744849284789808e+00,9.885634290590948892e-01
7.460540444736607490e+00,9.912176398388375942e-01
8.381539268677865806e+00,9.933203536595140992e-01
9.416234793278331239e+00,9.949684796688726962e-01
1.057866280165168682e+01,9.962465835076056431e-01
1.188459178512981573e+01,9.972272184101231840e-01
1.335173684495568658e+01,9.979716315556774742e-01
1.500000000000000000e+01,9.985307273169278242e-01
