5.000000000000000971e-02,2.978992344593843771e-04
5.617246720102575530e-02,3.960310992460119926e-04
6.310692142900625745e-02,5.306644234358039169e-04
7.089742948257125865e-02,7.160647465175033928e-04
7.964967064493538862e-02,9.716976807275244698e-04
8.948237023750268970e-02,1.323785016560032491e-03
1.005289101447232603e-01,1.807162125358228316e-03
1.129391381571866332e-01,2.467428627636990366e-03
1.268814006769335978e-01,3.363353338820553994e-03
1.425448263589051412e-01,4.569454282645754595e-03
1.601418916664301417e-01,6.178626073144659163e-03
1.799113031428553333e-01,8.304632756885275968e-03
2.021212354977167946e-01,1.108422862199336979e-02
2.270729694325258896e-01,1.467861870248347335e-02
2.551049785537616854e-01,1.927393251344353825e-02
2.865975208125910445e-01,2.508036772272690187e-02
3.219777967548111963e-01,3.232967381387030770e-02
3.617257445533632598e-01,4.127069689310400302e-02
4.063805504338082186e-01,5.216280048369498212e-02
4.565479628075576612e-01,6.526711406953844552e-02
5.129085093300529419e-01,8.083573650370960706e-02
5.762267283493881509e-01,9.909922427923323340e-02
6.473615399712076002e-01,1.202529081514252252e-01
7.272778974247632311e-01,1.444427838385088925e-01
8.170598767824696074e-01,1.717518887467858746e-01
9.179253825967482738e-01,2.021881821052306238e-01
1.031242668938096685e+00,2.356749692117218187e-01
1.158548899944469746e+00,2.720448372468245446e-01
1.301571001658303750e+00,3.110378957222893481e-01
1.462249088009145437e+00,3.523048462853010099e-01
1.642762778718470651e+00,3.954150636349291759e-01
1.845560766132583463e+00,4.398694818602535972e-01
2.073394032061649739e+00,4.851176864497608321e-01
2.329353165215711119e+00,5.305782527185783914e-01
2.616910285453700080e+00,5.756610857189170538e-01
2.939966143553497613e+00,6.197903369921549110e-01
3.302903035417698696e+00,6.624264204281783419e-01
3.710644248503383036e+00,7.030857292616639054e-01
4.168720846874620634e+00,7.413568598069453230e-01
4.683346700825936182e+00,7.769124518192875861e-01
5.261502778863538232e+00,8.095161264192305417e-01
5.911031845476362179e+00,8.390244001296138787e-01
6.640744849284789808e+00,8.653838366035352392e-01
7.460540444736607490e+00,8.886240291310925077e-01
8.381539268677865806e+00,9.088472585517807234e-01
9.416234793278331239e+00,9.262158256054942029e-01
1.057866280165168682e+01,9.409381092019677428e-01
1.188459178512981573e+01,9.532543593828173289e-01
1.335173684495568658e+01,9.634231121614998949e-01
1.500000000000000000e+01,9.717089355321093525e-01
