5.000000000000000971e-02,1.594025468008359930e-03
5.617246720102575530e-02,2.543954491732885494e-03
6.310692142900625745e-02,3.986168196938424772e-03
7.089742948257125865e-02,6.129565531261310131e-03
7.964967064493538862e-02,9.246942183865963436e-03
8.948237023750268970e-02,1.368301429794089967e-02
1.005289101447232603e-01,1.985836753218273368e-02
1.129391381571866332e-01,2.826701178384136148e-02
1.268814006769335978e-01,3.946525016866511693e-02
1.425448263589051412e-01,5.405002866325932936e-02
1.601418916664301417e-01,7.262589352468022674e-02
1.799113031428553333e-01,9.576113268996085115e-02
2.021212354977167946e-01,1.239354845975824682e-01
2.270729694325258896e-01,1.574837117110381435e-01
2.551049785537616854e-01,1.965410090552309197e-01
2.865975208125910445e-01,2.409972654181568585e-01
3.219777967548111963e-01,2.904672774960926351e-01
3.617257445533632598e-01,3.442829325903173920e-01
4.063805504338082186e-01,4.015111312778504860e-01
4.565479628075576612e-01,4.609980693867067325e-01
5.129085093300529419e-01,5.214369111268993828e-01
5.762267283493881509e-01,5.806003461060759152e-01
6.473615399712076002e-01,6.375207735929452335e-01
7.272778974247632311e-01,6.916512088409767500e-01
8.170598767824696074e-01,7.419809735441001974e-01
9.179253825967482738e-01,7.877338383698349045e-01
1.031242668938096685e+00,8.283989241904807788e-01
1.158548899944469746e+00,8.637363652054145247e-01
1.301571001658303750e+00,8.937596701264439725e-01
1.462249088009145437e+00,9.186994081846798776e-01
1.642762778718470651e+00,9.389545487349326702e-01
1.845560766132583463e+00,9.550383466714086333e-01
2.073394032061649739e+00,9.675251686450584421e-01
2.329353165215711119e+00,9.770033537372140309e-01
2.616910285453700080e+00,9.840374513922843791e-01
2.939966143553497613e+00,9.891413440434506654e-01
3.302903035417698696e+00,9.927621444575706056e-01
3.710644248503383036e+00,9.952735540216626209e-01
4.168720846874620634e+00,9.969766549628391594e-01
4.683346700825936182e+00,9.981058607771011726e-01
5.261502778863538232e+00,9.988378685236516397e-01
5.911031845476362179e+00,9.993018152186835534e-01
6.640744849284789808e+00,9.995893102291383281e-01
7.460540444736607490e+00,9.997634918537239290e-01
8.381539268677865806e+00,9.998666691492721359e-01
9.416234793278331239e+00,9.999264243486889470e-01
1.057866280165168682e+01,9.999602601911791178e-01
1.188459178512981573e+01,9.999789923573010331e-01
1.335173684495568658e+01,9.999891316741319480e-01
1.500000000000000000e+01,9.999944975305824491e-01
