5.000000000000000971e-02,4.106181306573711276e-03
5.617246720102575530e-02,5.151382274318451124e-03
6.310692142900625745e-02,6.427092626922143240e-03
7.089742948257125865e-02,7.974783794696616718e-03
7.964967064493538862e-02,9.841147684156639069e-03
8.948237023750268970e-02,1.207826100609065909e-02
1.005289101447232603e-01,1.474364100698887306e-02
1.129391381571866332e-01,1.790016884286234691e-02
1.268814006769335978e-01,2.161585734783200152e-02
1.425448263589051412e-01,2.596344163053642892e-02
1.601418916664301417e-01,3.101977391423640928e-02
1.799113031428553333e-01,3.686500840507252186e-02
2.021212354977167946e-01,4.358156774476396739e-02
2.270729694325258896e-01,5.125288971773681035e-02
2.551049785537616854e-01,5.996196118856521318e-02
2.865975208125910445e-01,6.978965550105130367e-02
3.219777967548111963e-01,8.081289944078497156e-02
3.617257445533632598e-01,9.310270593009546680e-02
4.063805504338082186e-01,1.067221184002489776e-01
4.565479628075576612e-01,1.217241217354047000e-01
5.129085093300529419e-01,1.381495822515622363e-01
5.762267283493881509e-01,1.560252848200828768e-01
6.473615399712076002e-01,1.753621384768614400e-01
7.272778974247632311e-01,1.961536222676085184e-01
8.170598767824696074e-01,2.183745403791302053e-01
9.179253825967482738e-01,2.419801496568558807e-01
1.031242668938096685e+00,2.669057134415880883e-01
1.158548899944469746e+00,2.930665234874061942e-01
1.301571001658303750e+00,3.203584169446802576e-01
1.462249088009145437e+00,3.486587985750072560e-01
1.642762778718470651e+00,3.778281602229386915e-01
1.845560766132583463e+00,4.077120709279136168e-01
2.073394032061649739e+00,4.381435928099539634e-01
2.329353165215711119e+00,4.689460609097921839e-01
2.616910285453700080e+00,4.999361503732125400e-01
2.939966143553497613e+00,5.309271425113943899e-01
3.302903035417698696e+00,5.617322929717566415e-01
3.710644248503383036e+00,5.921682009613913333e-01
4.168720846874620634e+00,6.220580784091487292e-01
4.683346700825936182e+00,6.512348221364796519e-01
5.261502778863538232e+00,6.795438003067246768e-01
5.911031845476362179e+00,7.068452761997306988e-01
6.640744849284789808e+00,7.330164070905699214e-01
7.460540444736607490e+00,7.579527729301250849e-01
8.381539268677865806e+00,7.815694077677666218e-01
9.416234793278331239e+00,8.038013255164710991e-01
1.057866280165168682e+01,8.246035498450839940e-01
1.188459178512981573e+01,8.439506748619258758e-01
1.335173684495568658e+01,8.618359981091779920e-01
1.500000000000000000e+01,8.782702796449134430e-01
