5.000000000000000971e-02,9.408299854372626615e-06
5.617246720102575530e-02,1.888362257993483954e-05
6.310692142900625745e-02,3.679627142735915655e-05
7.089742948257125865e-02,6.966049641562832410e-05
7.964967064493538862e-02,1.282331274160674467e-04
8.948237023750268970e-02,2.297525062290719589e-04
1.005289101447232603e-01,4.010792761863323625e-04
1.129391381571866332e-01,6.829948463057378648e-04
1.268814006769335978e-01,1.135960957776656691e-03
1.425448263589051412e-01,1.847687491009026390e-03
1.601418916664301417e-01,2.942865426450328847e-03
1.799113031428553333e-01,4.595335766718977241e-03
2.021212354977167946e-01,7.042686225429826974e-03
2.270729694325258896e-01,1.060267967219562235e-02
2.551049785537616854e-01,1.568993161020202851e-02
2.865975208125910445e-01,2.282987677160371043e-02
3.219777967548111963e-01,3.266548653040508149e-02
3.617257445533632598e-01,4.595084342345941153e-02
4.063805504338082186e-01,6.352518234662032914e-02
4.565479628075576612e-01,8.626207783409681196e-02
5.129085093300529419e-01,1.149916179411342720e-01
5.762267283493881509e-01,1.503986882875233411e-01
6.473615399712076002e-01,1.929071842271939952e-01
7.272778974247632311e-01,2.425665823018644252e-01
8.170598767824696074e-01,2.989618269004146733e-01
9.179253825967482738e-01,3.611679715270533775e-01
1.031242668938096685e+00,4.277662786467193445e-01
1.158548899944469746e+00,4.969287345561650970e-01
1.301571001658303750e+00,5.665649843771906058e-01
1.462249088009145437e+00,6.345126032046509712e-01
1.642762778718470651e+00,6.987418579936257590e-01
1.845560766132583463e+00,7.575424446303558046e-01
2.073394032061649739e+00,8.096632303951271092e-01
2.329353165215711119e+00,8.543858742454353283e-01
2.616910285453700080e+00,8.915266678313612525e-01
2.939966143553497613e+00,9.213745051872506142e-01
3.302903035417698696e+00,9.445832771450199949e-01
3.710644248503383036e+00,9.620421388866673418e-01
4.168720846874620634e+00,9.747466226859153871e-01
4.683346700825936182e+00,9.836885945824375144e-01
5.261502778863538232e+00,9.897756434019328031e-01
5.911031845476362179e+00,9.937828621293202103e-01
6.640744849284789808e+00,9.963338635005598576e-01
7.460540444736607490e+00,9.979041573620103245e-01
8.381539268677865806e+00,9.988387605710826733e-01
9.416234793278331239e+00,9.993765660218644209e-01
1.057866280165168682e+01,9.996757594231635569e-01
1.188459178512981573e+01,9.998366707358243843e-01
1.335173684495568658e+01,9.999203290697413760e-01
1.500000000000000000e+01,9.999623728275623957e-01
