5.000000000000000971e-02,1.104004723979994905e-06
5.617246720102575530e-02,2.181710207445903213e-06
6.310692142900625745e-02,4.224622477026613218e-06
7.089742948257125865e-02,8.022458954809275425e-06
7.964967064493538862e-02,1.495303556879576637e-05
8.948237023750268970e-02,2.737936808081227940e-05
1.005289101447232603e-01,4.928787832049464740e-05
1.129391381571866332e-01,8.729569899270284063e-05
1.268814006769335978e-01,1.522089807140369747e-04
1.425448263589051412e-01,2.613792021235643108e-04
1.601418916664301417e-01,4.421734452820200471e-04
1.799113031428553333e-01,7.369310747398112593e-04
2.021212354977167946e-01,1.209794845029441533e-03
2.270729694325258896e-01,1.955737723505351043e-03
2.551049785537616854e-01,3.111906673391721511e-03
2.865975208125910445e-01,4.871021167237437124e-03
3.219777967548111963e-01,7.495966624249308236e-03
3.617257445533632598e-01,1.133392543241083447e-02
4.063805504338082186e-01,1.682747616374827976e-02
4.565479628075576612e-01,2.451923922028618683e-02
5.129085093300529419e-01,3.504611305502793733e-02
5.762267283493881509e-01,4.911923472804032020e-02
6.473615399712076002e-01,6.748678965595684975e-02
7.272778974247632311e-01,9.087883637236543466e-02
8.170598767824696074e-01,1.199363185828300898e-01
9.179253825967482738e-01,1.551300246049091558e-01
1.031242668938096685e+00,1.966787476440074178e-01
1.158548899944469746e+00,2.444784394177331732e-01
1.301571001658303750e+00,2.980548911604812279e-01
1.462249088009145437e+00,3.565508435717333890e-01
1.642762778718470651e+00,4.187543364150482228e-01
1.845560766132583463e+00,4.831690851235961870e-01
2.073394032061649739e+00,5.481208031660326219e-01
2.329353165215711119e+00,6.118870952734444257e-01
2.616910285453700080e+00,6.728342298940445110e-01
2.939966143553497613e+00,7.295427640542122560e-01
3.302903035417698696e+00,7.809059656780327208e-01
3.710644248503383036e+00,8.261898082033882762e-01
4.168720846874620634e+00,8.650499011687192707e-01
4.683346700825936182e+00,8.975076237634906917e-01
5.261502778863538232e+00,9.238935402561720966e-01
5.911031845476362179e+00,9.447698743977559488e-01
6.640744849284789808e+00,9.608449726100332100e-01
7.460540444736607490e+00,9.728914761826363833e-01
8.381539268677865806e+00,9.816770080782259988e-01
9.416234793278331239e+00,9.879124515720949518e-01
1.057866280165168682e+01,9.922192269339986659e-01
1.188459178512981573e+01,9.951140143752446043e-01
1.335173684495568658e+01,9.970074707681353399e-01
1.500000000000000000e+01,9.982126820412471346e-01
