5.000000000000000971e-02,2.989879375258042930e-04
5.617246720102575530e-02,4.369295734967341689e-04
6.310692142900625745e-02,6.334027390628720229e-04
7.089742948257125865e-02,9.097304277171408722e-04
7.964967064493538862e-02,1.293268142735014975e-03
8.948237023750268970e-02,1.818560556445279492e-03
1.005289101447232603e-01,2.528706543509955714e-03
1.129391381571866332e-01,3.477083885561022686e-03
1.268814006769335978e-01,4.729667903736305308e-03
1.425448263589051412e-01,6.368251851704863006e-03
1.601418916664301417e-01,8.494907881787387358e-03
1.799113031428553333e-01,1.123797334963822468e-02
2.021212354977167946e-01,1.475966417043128413e-02
2.270729694325258896e-01,1.926507185303711137e-02
2.551049785537616854e-01,2.501178760386046224e-02
2.865975208125910445e-01,3.231875263065049630e-02
3.219777967548111963e-01,4.157225077913278416e-02
3.617257445533632598e-01,5.322638717065923675e-02
4.063805504338082186e-01,6.779512706228721375e-02
4.565479628075576612e-01,8.583320576013830916e-02
5.129085093300529419e-01,1.079041260587761814e-01
5.762267283493881509e-01,1.345350958414700260e-01
6.473615399712076002e-01,1.661610270556357349e-01
7.272778974247632311e-01,2.030623255517161885e-01
8.170598767824696074e-01,2.453036709252911229e-01
9.179253825967482738e-01,2.926827205998309145e-01
1.031242668938096685e+00,3.446980865038707931e-01
1.158548899944469746e+00,3.997716336275924376e-01
1.301571001658303750e+00,4.545663460079611418e-01
1.462249088009145437e+00,5.111707160911873604e-01
1.642762778718470651e+00,5.683244880759992235e-01
1.845560766132583463e+00,6.247124245519288799e-01
2.073394032061649739e+00,6.790578572461193341e-01
2.329353165215711119e+00,7.302125073219216667e-01
2.616910285453700080e+00,7.772319936332952039e-01
2.939966143553497613e+00,8.194287373051949430e-01
3.302903035417698696e+00,8.563975200437521362e-01
3.710644248503383036e+00,8.880130468374658470e-01
4.168720846874620634e+00,9.144027192812501648e-01
4.683346700825936182e+00,9.359007750796671798e-01
5.261502778863538232e+00,9.529915747137571724e-01
5.911031845476362179e+00,9.662500135999720907e-01
6.640744849284789808e+00,9.762859965732187950e-01
7.460540444736607490e+00,9.836980276213557195e-01
8.381539268677865806e+00,9.890387248577612311e-01
9.416234793278331239e+00,9.927929209406751720e-01
1.057866280165168682e+01,9.953672865227837230e-01
1.188459178512981573e+01,9.970892935007411584e-01
1.335173684495568658e+01,9.982128354357489020e-01
1.500000000000000000e+01,9.989278465179665112e-01
