5.000000000000000971e-02,4.405989125621074718e-15
5.617246720102575530e-02,2.562221513050041169e-14
6.310692142900625745e-02,1.406607781622291085e-13
7.089742948257125865e-02,7.290500977664466128e-13
7.964967064493538862e-02,3.567971297812145787e-12
8.948237023750268970e-02,1.649015193179051535e-11
1.005289101447232603e-01,7.198414803860629961e-11
1.129391381571866332e-01,2.968518238804128258e-10
1.268814006769335978e-01,1.156724719999453490e-09
1.425448263589051412e-01,4.260135259823757293e-09
1.601418916664301417e-01,1.483403097925621670e-08
1.799113031428553333e-01,4.885475106708446655e-08
2.021212354977167946e-01,1.522558508620071618e-07
2.270729694325258896e-01,4.492804496938084966e-07
2.551049785537616854e-01,1.256194901704412893e-06
2.865975208125910445e-01,3.331136916295440690e-06
3.219777967548111963e-01,8.387370423042651830e-06
3.617257445533632598e-01,2.008105492538971623e-05
4.063805504338082186e-01,4.579940268566116268e-05
4.565479628075576612e-01,9.972727407908266054e-05
5.129085093300529419e-01,2.078832747395996025e-04
5.762267283493881509e-01,4.161497687914273184e-04
6.473615399712076002e-01,8.028701559799578070e-04
7.272778974247632311e-01,1.498413508241328886e-03
8.170598767824696074e-01,2.715054360135737369e-03
9.179253825967482738e-01,4.790923497156517226e-03
1.031242668938096685e+00,8.250280181255629022e-03
1.158548899944469746e+00,1.387706691040418994e-02
1.301571001658303750e+00,2.278827626518764582e-02
1.462249088009145437e+00,3.647903628228629791e-02
1.642762778718470651e+00,5.679754609050714775e-02
1.845560766132583463e+00,8.580432849553090713e-02
2.073394032061649739e+00,1.254870317079594955e-01
2.329353165215711119e+00,1.773343221979053475e-01
2.616910285453700080e+00,2.418590354123348607e-01
2.939966143553497613e+00,3.182166602321235827e-01
3.302903035417698696e+00,4.039868210444212404e-01
3.710644248503383036e+00,4.953237994934219790e-01
4.168720846874620634e+00,5.874483862985950822e-01
4.683346700825936182e+00,6.753926450554567085e-01
5.261502778863538232e+00,7.548065018330606391e-01
5.911031845476362179e+00,8.226092851753841195e-01
6.640744849284789808e+00,8.773241804202878136e-01
7.460540444736607490e+00,9.190441631044380388e-01
8.381539268677865806e+00,9.490951831777068026e-01
9.416234793278331239e+00,9.695391054059644409e-01
1.057866280165168682e+01,9.826727733863820369e-01
1.188459178512981573e+01,9.906391777272482990e-01
1.335173684495568658e+01,9.952010123448004064e-01
1.500000000000000000e+01,9.976668875077107090e-01
