SA(0.6s),RES1,RES2,RES3,RES4,RES5,RES6,COM1,COM2,COM3,COM4,COM5,COM6,COM7,COM8,COM9,COM10,IND1,IND2,IND3,IND4,IND5,IND6
0.05000000000000001,1.3896220657560092,0.4622350208787118,1.8526103647406933,0.46662607230296965,0.46662607230296965,1.8526103647406933,0.47733436423785036,0.47728934875760537,0.47728934875760537,0.4857741127431733,0.4982692151416226,0.4758733651207332,0.5334120958296463,0.48501862680216346,0.3695536453547352,0.5359450011674908,0.3554015843843741,0.3565302354518672,0.3565302354518672,0.3565302354518672,0.3565302354518672,0.47704250540752086
0.056172467201025755,1.7774154271127673,0.5903474809570188,2.367746319320362,0.5992875689652708,0.5992875689652708,2.367746319320362,0.6219375656368618,0.6218392171146131,0.6218392171146131,0.638393555726855,0.6540583238297479,0.6200323263655834,0.6933229557807437,0.6371170475842608,0.48906674198636535,0.6981881998303481,0.46249264347366914,0.46404383719413617,0.46404383719413617,0.46404383719413617,0.46404383719413617,0.6212445428211221
0.06310692142900626,2.2621980916868334,0.7495983313982972,3.010396568798026,0.7672411591119237,0.7672411591119237,3.010396568798026,0.809725377449306,0.8095185395250476,0.8095185395250476,0.8402246435937142,0.859382539768886,0.8072365111219048,0.8994273494950309,0.8379192947936334,0.6494949209472011,0.908475253751038,0.6014537809946412,0.6036015719836139,0.6036015719836139,0.6036015719836139,0.6036015719836139,0.8081399157621648
0.07089742948257126,2.8698181525349806,0.9475610444603579,3.8139295035180574,0.9813081993271375,0.9813081993271375,3.8139295035180574,1.0561350391925874,1.0557162888970024,1.0557162888970024,1.110167299789321,1.1327602865312238,1.0528647471533494,1.1671157789535882,1.105807787220769,0.8675376115553027,1.18342393446915,0.7839335680492914,0.7869248196488977,0.7869248196488977,0.7869248196488977,0.7869248196488977,1.0526407357461898
0.07964967064493539,3.636302716130837,1.1944729248296793,4.824881574080975,1.2570346595723234,1.2570346595723234,4.824881574080975,1.383861577954527,1.3830454677440054,1.3830454677440054,1.4756457471763984,1.5007929913621652,1.379520663596762,1.518514175044904,1.4672242077286421,1.32262031100169,1.5470358605257508,1.027365728175198,1.0315425223358323,1.0315425223358323,1.0315425223358323,1.0315425223358323,1.3764428894683303
0.08948237023750269,4.613056137354707,1.5046125823972016,6.109886915425631,1.616999779671039,1.616999779671039,6.109886915425631,1.8263737825627788,1.8248426345664346,1.8248426345664346,2.1214547603536853,2.0971999107653887,1.8205313737399633,1.9856131062276483,2.0989526250107513,2.084736778180072,2.0340737081765146,1.3579058912056994,1.3637276526987536,1.3637276526987536,1.3637276526987536,1.3637276526987536,1.8112025008805417
0.10052891014472326,5.874244535670517,1.8983477704788714,7.765619795325107,2.093949614033194,2.093949614033194,7.765619795325107,2.432657474291977,2.429892023300713,2.429892023300713,3.2625694135379986,3.215658124531042,2.4246682730010707,2.6144725039466157,3.2183742074333304,3.189374903890642,2.694563284645077,1.8143879793530893,1.822448916834386,1.822448916834386,1.822448916834386,1.822448916834386,2.402775108479446
0.11293913815718663,7.52675751108844,2.4050576898560694,9.932311168000794,2.7347973791281737,2.7347973791281737,9.932311168000794,3.2732421474836677,3.2684337456083554,3.2684337456083554,4.881190421640948,4.793730048917177,3.262147301787011,3.4705836397315797,4.797575104997094,4.740506204219568,3.599488543050114,2.4532866984725548,2.464323456490056,2.464323456490056,2.464323456490056,2.464323456490056,3.2165560980278203
0.1268814006769336,9.722856350904394,3.067099742256099,12.811007427747107,3.6053612172383165,3.6053612172383165,12.811007427747107,4.550599965997561,4.536213947989074,4.536213947989074,7.11348692346653,6.956333829515982,4.538044573143809,4.645299867450511,6.961109882456439,6.852739097215599,5.092028588581141,3.3544128373287574,3.369298303419708,3.369298303419708,3.369298303419708,3.369298303419708,4.39433502928572
0.14254482635890514,12.675069100671983,3.9448649522973707,16.68397137794983,4.795440873258231,4.795440873258231,16.68397137794983,6.705053775691843,6.682104357258252,6.682104357258252,10.111100930445428,9.838998464165867,6.6847571315035355,6.346138242748607,9.843650570623641,9.64502240826663,7.386452933180729,4.626698035274017,4.652878289890921,4.652878289890921,4.652878289890921,4.652878289890921,6.431255481559237
0.16014189166643014,16.672022262656665,5.122703547020613,21.936413423296045,6.423475679918051,6.423475679918051,21.936413423296045,9.665921293446527,9.630666260186464,9.630666260186464,14.035955296625364,13.582058279220817,9.634254313498044,9.064876971516131,13.583863365709885,13.232372948503079,10.4786646316227,6.794501065754822,6.876977674461038,6.876977674461038,6.876977674461038,6.876977674461038,9.2038426458697
0.17991130314285533,22.09272114997018,6.715073454151176,29.076116152483134,8.960202440624936,8.960202440624936,29.076116152483134,13.63983373757289,13.587679148287972,13.587679148287972,19.052914235381866,18.32360648899592,13.59212890593085,12.67240762941909,18.31697304043069,17.71625138911521,14.551822285115925,9.823052539961228,9.924577280324128,9.924577280324128,9.924577280324128,9.924577280324128,12.888757947981695
0.2021212354977168,29.41544370829311,8.871687676595332,38.745679923481916,12.397001148207625,12.397001148207625,38.745679923481916,18.84659965524832,18.772299619569246,18.772299619569246,25.319990591690555,24.191493187643392,18.77717523904721,17.350522836546002,24.16635695058116,23.1744285216476,19.79810725748044,13.861730984791805,13.982540152986637,13.982540152986637,13.982540152986637,13.982540152986637,17.670879805353803
0.2270729694325259,39.21620195925011,11.77980980333185,51.720499163100214,16.796293974312206,16.796293974312206,51.720499163100214,25.50201878945425,25.400086152507704,25.400086152507704,32.97573506113155,31.29450967050085,25.40435797215939,23.28024182721708,31.234411513557166,29.651289761023964,26.406452769907002,19.089286172292923,19.22844017023203,19.22844017023203,19.22844017023203,19.22844017023203,23.72967359253892
0.2551049785537617,52.15113159319808,15.661367477919308,68.8848333569004,22.284506915869983,22.284506915869983,68.8848333569004,33.79387086787685,33.65920194274761,33.65920194274761,42.12364889685636,39.712773927478835,33.66097774978526,30.62733302871726,39.59284379037251,37.14954086592522,34.54584291111081,25.651403434920887,25.80687100903839,25.80687100903839,25.80687100903839,25.80687100903839,31.221155442677393
0.28659752081259104,68.91778002866027,20.762499342026384,91.1792443162365,28.950152725172003,28.950152725172003,91.1792443162365,43.852660681824176,43.68132293019271,43.68132293019271,52.814107730466475,49.48737445853387,43.67758106756936,39.525022083855845,49.272593111660775,45.6242375521644,44.344849765191086,33.63390940841934,33.80288887630684,33.80288887630684,33.80288887630684,33.80288887630684,40.256732253024914
0.3219777967548112,90.19260262375573,27.33380824272877,119.51591461787956,36.8230607344103,36.8230607344103,119.51591461787956,55.72068328650825,55.510754797854446,55.510754797854446,65.02538680366408,60.60964697223193,55.49713668274747,50.0553654242278,60.253869983159504,54.97997871044343,55.869196324471574,43.03745160471381,43.216899021505895,43.216899021505895,43.216899021505895,43.216899021505895,50.88135424473306
0.36172574455336326,116.54626049903055,35.601134257906935,154.6641930601754,45.856021737316524,45.856021737316524,154.6641930601754,69.32475654597641,69.07705831020924,69.07705831020924,78.64670169834996,73.01103514604551,69.04778786411947,63.9521322486636,72.45728741890835,65.07194801733542,69.10028030528517,53.758970978956754,53.94624569479066,53.94624569479066,53.94624569479066,53.94624569479066,63.054360280568545
0.4063805504338082,148.34417636705257,45.7290027711129,197.11660543440456,57.30305796376044,57.30305796376044,197.11660543440456,84.45887438394492,84.17742020930093,84.17742020930093,93.46724511216303,86.55515663088141,84.12541230731937,81.37304177189799,85.73759734373951,75.7112064829658,85.96435104419602,65.58502302087832,65.77851693637257,65.77851693637257,65.77851693637257,65.77851693637257,78.05179566255191
0.45654796280755766,185.6461356847157,57.78161437304588,246.95401202430332,70.80824585732108,70.80824585732108,246.95401202430332,103.5438187418905,103.35398398007602,103.35398398007602,109.17543359255006,101.67017093341394,103.17106783962186,101.76982716736487,99.8818881850973,86.67419422784238,107.14039569782844,79.68551952713526,79.84600572205414,79.84600572205414,79.84600572205414,79.84600572205414,97.11344070619666
0.5129085093300529,227.23971919155935,71.39389501535875,302.5546940673386,85.55060400478699,85.55060400478699,302.5546940673386,125.80209152967454,125.60057865705907,125.60057865705907,128.14939507373018,123.2379793430683,125.35962241378897,124.73718662132515,120.71580330005261,97.71582777211864,130.8168734107972,96.40904677346646,96.60307665275292,96.60307665275292,96.60307665275292,96.60307665275292,118.3524955253627
0.5762267283493882,272.9317884809435,86.52875289445468,363.6548555392419,101.38186490249986,101.38186490249986,363.6548555392419,149.80984208474285,149.60389255082958,149.60389255082958,151.84572972565653,146.71735895902617,149.29486125937643,150.05711085021633,143.54050509531277,113.82513463204616,156.7115598598209,114.32534115568068,114.55869425743512,114.55869425743512,114.55869425743512,114.55869425743512,141.50253688659075
0.6473615399712076,321.8356608421904,102.90127891025583,429.0623296265221,117.9446026511909,117.9446026511909,429.0623296265221,174.96760690090636,174.7649552942486,174.7649552942486,176.63932134929433,171.60829377996157,174.37904767942769,177.22108857375912,167.7043815090206,131.71352828258995,184.25765121222696,132.9888128253501,133.267042257428,133.267042257428,133.267042257428,133.267042257428,166.05077932059825
0.7272778974247632,372.5112033232379,120.02349624204956,496.84494798649047,134.72939397434635,134.72939397434635,496.84494798649047,200.49858434103902,200.30659800466418,200.30659800466418,201.78271411188967,197.20654390997754,199.83733315754415,205.47283589118348,192.52587083519825,149.90491466168865,212.6561810205671,151.8363489576434,152.1640286658462,152.1640286658462,152.1640286658462,152.1640286658462,191.28612602983287
0.8170598767824696,423.3150102049291,137.3225398544708,564.799462510299,151.1969347563977,151.1969347563977,564.799462510299,225.57716135002818,225.40204729691837,225.40204729691837,226.47798816379105,222.71998097734286,224.84597006515446,233.93196743972965,217.24096774503113,167.86727226865332,241.00749499525398,170.2799724913201,170.6601167898549,170.6601167898549,170.6601167898549,170.6601167898549,216.41604328455375
0.9179253825967483,472.5610679277539,154.19869898824962,630.6671501013789,166.8305550231138,166.8305550231138,630.6671501013789,249.4096011353125,249.25582071921673,249.25582071921673,249.95414844697683,247.34286700691013,248.6128774548996,261.6757962191257,241.07444327270156,185.0719669603373,268.39700726959893,187.76147244628055,188.19512366090203,188.19512366090203,188.19512366090203,188.19512366090203,240.64115649873762
1.0312426689380967,518.6923130439145,170.0890136375861,692.3635578769482,181.18608966743668,181.18608966743668,692.3635578769482,271.3111952757769,271.18117564412324,271.18117564412324,271.54231518020856,270.3353644727646,270.4546946480226,287.83125250232223,263.3158770839068,201.04269279524078,293.98614145259995,203.8036333937194,204.28969845904356,204.28969845904356,204.28969845904356,204.28969845904356,263.23342239188
1.1585488999444697,560.4338441537935,184.52517442635303,748.1832976355114,193.93100655727318,193.93100655727318,748.1832976355114,290.7672355162156,290.66139723111166,290.66139723111166,290.7361934248608,291.0948851740591,289.8576832723385,311.66148808807213,283.3877600564152,215.39869407342312,317.0931826907777,218.0502081270888,218.58557183899364,218.58557183899364,218.58557183899364,218.58557183899364,283.6049770398346
1.3015710016583038,596.9022358361951,197.17575830413818,796.9458283203148,204.86693946793014,204.86693946793014,796.9458283203148,307.46854650349707,307.385599575661,307.385599575661,307.2283465811365,309.2072900452787,306.51322308009605,332.6323775182825,300.8942625202019,227.8852263505351,337.25062628834485,230.2889116379916,230.8687961895979,230.8687961895979,230.8687961895979,230.8687961895979,301.3564205434153
1.4622490880091454,627.6551063750431,207.86650635322252,838.0611923496704,213.93326167433435,213.93326167433435,838.0611923496704,321.3177143983563,321.2551281743537,321.2551281743537,320.91797815250834,324.4702502209143,320.32403919087756,350.44838588563573,315.6433514273063,238.38668893566603,354.23065181636025,240.45503936873394,241.0735329048578,241.0735329048578,241.0735329048578,241.0735329048578,316.29760043853116
1.6427627787184707,652.6780294207397,216.57730403856706,871.5119708182856,221.19311856479413,221.19311856479413,871.5119708182856,332.4080631810788,332.36259840785283,332.36259840785283,331.891782774203,336.8870561846972,331.3832126856511,365.0539561273239,327.64063115010686,246.92138789017324,368.0371609506692,248.61699276000985,249.26764534793762,249.26764534793762,249.26764534793762,249.26764534793762,328.4397206053417
1.8455607661325835,672.3184238292143,223.41932682593728,897.7644542657956,226.80643958468787,226.80643958468787,897.7644542657956,340.9823203407747,340.9505233754753,340.9505233754753,340.3843881892876,346.63512285007846,339.9329122159734,376.60375491667764,337.0589695700904,253.62049663729005,378.86948533275597,254.94811742622107,255.62450451247122,255.62450451247122,255.62450451247122,255.62450451247122,337.96324027215286
2.0733940320616497,687.1849781814228,228.59921383851,917.6338963741646,230.99617783446035,230.99617783446035,917.6338963741646,347.38066085263205,347.3592513361831,347.3592513361831,346.7278040661341,354.0178080150314,346.3125267484236,385.4108369834961,344.1921502031202,258.696512228444,387.0676636514325,259.691117915252,260.38729453493687,260.38729453493687,260.38729453493687,260.38729453493687,345.17008292574997
2.329353165215711,698.0346487857744,232.37844625408025,932.1333183662631,234.0141517754073,234.0141517754073,932.1333183662631,351.9880465501778,351.9741683090739,351.9741683090739,351.29968426281874,359.4099942918159,350.90610401321413,391.88469623683005,349.40255373223533,262.40773405066494,393.05109902061326,263.12161110612124,263.83241512851225,263.83241512851225,263.83241512851225,263.83241512851225,350.43029286732343
2.6169102854537,705.6673054211747,235.03535931961144,942.3326672289912,236.1116307041217,236.1116307041217,942.3326672289912,355.1888645668628,355.1802036492341,355.1802036492341,354.47842780284844,363.20709810258495,354.0970845223367,396.4709215756848,353.072131439334,265.02490205538726,397.2613985036938,265.51627851476997,266.23747709146755,266.23747709146755,266.23747709146755,266.23747709146755,354.13241268973576
2.9399661435534976,710.8422101175236,236.83500907405784,949.2472413600935,237.51777684473274,237.51777684473274,949.2472413600935,357.3337028971679,357.3284994574248,357.3284994574248,356.6100578607503,365.78444088737444,356.23515718323614,399.6013887873555,355.5633288912935,266.8044882456957,400.1170585862416,267.1290844890697,267.85738596421095,267.85738596421095,267.85738596421095,267.85738596421095,356.6441699885624
3.3029030354176987,714.2229979770976,238.00932522848683,953.764250650149,238.42688678646306,238.42688678646306,953.764250650149,358.71971767395024,358.71670807068426,358.71670807068426,357.9884619719138,367.47033393361784,357.6166833472985,401.65982232260865,357.19318701127986,267.9708904955478,401.98361992481466,268.17679023300036,268.90975968698586,268.90975968698586,268.90975968698586,268.90975968698586,358.2865947897292
3.710644248503383,716.3508935858595,238.74743453323595,956.6071190522886,238.99359957115576,238.99359957115576,956.6071190522886,359.5832878751247,359.5816121037335,359.5816121037335,358.84780691170556,368.53286453006785,358.4773826034577,402.9634717855921,358.22061955626685,268.70761300014817,403.1591653431765,268.8330832639357,269.5690035656131,269.5690035656131,269.5690035656131,269.5690035656131,359.32146068844247
4.168720846874621,717.6410235862435,239.19427213463737,958.3306393612497,239.33415133856846,239.33415133856846,958.3306393612497,360.10197412483524,360.10107586584866,360.10107586584866,359.3642319026784,369.1779693133018,358.99429945136717,403.7585545373348,358.8445552434672,269.1559284116711,403.8723867304748,269.22940457280055,269.96711935940203,269.96711935940203,269.96711935940203,269.96711935940203,359.9496521549114
4.683346700825936,718.39439132302,239.45478518092665,959.3370362104913,239.53139139221187,239.53139139221187,959.3370362104913,360.40224549989045,360.4017819847633,360.4017819847633,359.66333618468013,369.5552179862415,359.2935204815451,404.2254615789617,359.20950942625933,269.4187115303047,404.28918903788747,269.46007233018656,270.1988370187636,270.1988370187636,270.1988370187636,270.1988370187636,360.31696468059505
5.261502778863538,718.8180499056025,239.60104327828333,959.9029628214744,239.6414750424393,239.6414750424393,959.9029628214744,360.5697606555947,360.56953040758924,360.56953040758924,359.8302701808561,369.76767536281943,359.4604353083838,404.4894355912918,359.4150914029845,269.56705416876036,404.5237716397091,269.5894393178809,270.3287950314916,270.3287950314916,270.3287950314916,270.3287950314916,360.5238114434339
5.911031845476362,719.0474590277587,239.68010816033944,960.2093981980695,239.70067151159515,239.70067151159515,960.2093981980695,360.6598053797343,360.65969527870436,360.65969527870436,359.92003559905123,369.88288974996425,359.55014975820757,404.6331025649981,359.52660365594886,269.6476884307323,404.65090695750087,269.659338605026,270.3990144557564,270.3990144557564,270.3990144557564,270.3990144557564,360.63598001231423
6.64074484928479,719.1670631601257,239.7212596795598,960.3691554225173,239.73133695440265,239.73133695440265,960.3691554225173,360.70643519739497,360.7063845165085,360.7063845165085,359.9665358168505,369.94304621280855,359.5966047163489,404.7083645698955,359.5848407496858,269.6898869609232,404.7172494051101,269.6957182438973,270.4355609567462,270.4355609567462,270.4355609567462,270.4355609567462,360.69454653564355
7.4605404447366075,719.2270950881646,239.7418799623669,960.4493388225685,239.74663809786568,239.74663809786568,960.4493388225685,360.72969532435974,360.7296728675532,360.7296728675532,359.9897378677774,369.9732842577393,359.6197757687561,404.74631187135924,359.61412071663517,269.71114611331086,404.75057874959555,269.713953493483,270.45387989839486,270.45387989839486,270.45387989839486,270.45387989839486,360.723986388012
8.381539268677866,719.2561007724548,239.75182669578027,960.4880801661395,239.75399112072637,239.75399112072637,960.4880801661395,360.74087037252417,360.74086079405015,360.74086079405015,360.0008877757087,369.9879154940845,359.6309071647339,404.7647255333201,359.62829152457437,269.7214551790755,404.7666975196564,269.7227552905524,270.46272209017206,270.46272209017206,270.46272209017206,270.46272209017206,360.738232198911
9.416234793278331,719.2695909227373,239.7564453628544,960.5060978545985,239.7573938444591,239.7573938444591,960.5060978545985,360.74604079600056,360.74603686337434,360.74603686337434,360.0060476840285,369.9947299133417,359.6360570104371,404.7733240928267,359.6348929217546,269.726266646418,404.77420114439894,269.7268458504943,270.46683141231097,270.46683141231097,270.46683141231097,270.46683141231097,360.74486758914463
10.578662801651687,719.2756297850782,239.7585096914729,960.5141633175601,239.75891006534533,239.75891006534533,960.5141633175601,360.7483443423772,360.7483427882004,360.7483427882004,360.0083469801768,369.9977845950897,359.6383512265382,404.77718788209256,359.63785272438963,269.72842780374356,404.77756326049075,269.72867604715157,270.4686699951536,270.4686699951536,270.4686699951536,270.4686699951536,360.7478422703864
11.884591785129816,719.2782315815303,239.75939775700402,960.5176382021468,239.75956054558344,239.75956054558344,960.5176382021468,360.7493324878085,360.7493318965968,360.7493318965968,360.0093334651955,369.99910244213163,359.63933530315904,404.7788585214571,359.6391298912812,269.7293619536385,404.7790131295082,269.7294643153617,270.4694618705379,270.4694618705379,270.4694618705379,270.4694618705379,360.74912572389997
13.351736844955687,719.2793104029112,239.75976545848636,960.5190790243266,239.75982920782366,239.75982920782366,960.5190790243266,360.7497405823218,360.74974036584877,360.74974036584877,360.00974093271225,369.99964958666,359.63974169120445,404.77955357128627,359.639660246096,269.72975050036143,404.77961485001276,269.7297911097062,270.46979015798695,270.46979015798695,270.46979015798695,270.46979015798695,360.74965864193973
15.0,719.2797408945298,239.75991198361385,960.519653961082,239.7599360269263,239.7599360269263,960.519653961082,360.7499028317999,360.7499027555084,360.7499027555084,360.00990295332565,369.99986818978823,359.63990325238933,404.7798317976149,359.63987217906356,269.72990600575304,404.7798551697582,269.72992150656864,270.46992114959505,270.46992114959505,270.46992114959505,270.46992114959505,360.749871583029
