5.000000000000000971e-02,2.858095684330964072e-08
5.617246720102575530e-02,5.930632474441426961e-08
6.310692142900625745e-02,1.216725728148324500e-07
7.089742948257125865e-02,2.472240405733996454e-07
7.964967064493538862e-02,4.984653594064628307e-07
8.948237023750268970e-02,9.993094662680068772e-07
1.005289101447232603e-01,1.995668672957419210e-06
1.129391381571866332e-01,3.975546094994824116e-06
1.268814006769335978e-01,7.904635034579706297e-06
1.425448263589051412e-01,1.568076734966963111e-05
1.601418916664301417e-01,3.099017594711707125e-05
1.799113031428553333e-01,6.087399550450321131e-05
2.021212354977167946e-01,1.184958065768714646e-04
2.270729694325258896e-01,2.278397014343615744e-04
2.551049785537616854e-01,4.313358699486741091e-04
2.865975208125910445e-01,8.016334523503148126e-04
3.219777967548111963e-01,1.458781254570782997e-03
3.617257445533632598e-01,2.593732260139413551e-03
4.063805504338082186e-01,4.498116042821460707e-03
4.565479628075576612e-01,7.598420052571061914e-03
5.129085093300529419e-01,1.249004574027328882e-02
5.762267283493881509e-01,1.996343584836065416e-02
6.473615399712076002e-01,3.101132624725894821e-02
7.272778974247632311e-01,4.680433840948386437e-02
8.170598767824696074e-01,6.862304741016661547e-02
9.179253825967482738e-01,9.773962715145471936e-02
1.031242668938096685e+00,1.312353040452624575e-01
1.158548899944469746e+00,1.720626246830222472e-01
1.301571001658303750e+00,2.213150529061034266e-01
1.462249088009145437e+00,2.786609447621279934e-01
1.642762778718470651e+00,3.431038183737058489e-01
1.845560766132583463e+00,4.129987083909045786e-01
2.073394032061649739e+00,4.861654825490577259e-01
2.329353165215711119e+00,5.600886133139716394e-01
2.616910285453700080e+00,6.321735894257165533e-01
2.939966143553497613e+00,7.000169145561394579e-01
3.302903035417698696e+00,7.616434057703721505e-01
3.710644248503383036e+00,8.156722517059692423e-01
4.168720846874620634e+00,8.613896864006388432e-01
4.683346700825936182e+00,8.987263838545856975e-01
5.261502778863538232e+00,9.281562170432848813e-01
5.911031845476362179e+00,9.505453623114561434e-01
6.640744849284789808e+00,9.669847257744779156e-01
7.460540444736607490e+00,9.786348404574418680e-01
8.381539268677865806e+00,9.866032760699419146e-01
9.416234793278331239e+00,9.918636127085925791e-01
1.057866280165168682e+01,9.952152077915682460e-01
1.188459178512981573e+01,9.972762506146409800e-01
1.335173684495568658e+01,9.984995137069677673e-01
1.500000000000000000e+01,9.992002426131972870e-01
