5.000000000000000971e-02,1.551337956492568205e-05
5.617246720102575530e-02,2.657006664348530092e-05
6.310692142900625745e-02,4.478796980808924614e-05
7.089742948257125865e-02,7.438251675132552076e-05
7.964967064493538862e-02,1.218389207451677398e-04
8.948237023750268970e-02,1.970413871226825019e-04
1.005289101447232603e-01,3.149171880359967739e-04
1.129391381571866332e-01,4.977925125137685602e-04
1.268814006769335978e-01,7.786979248209728024e-04
1.425448263589051412e-01,1.205883694298292511e-03
1.601418916664301417e-01,1.848786948962423448e-03
1.799113031428553333e-01,2.805604955653361737e-03
2.021212354977167946e-01,4.212441209734075521e-03
2.270729694325258896e-01,6.253679055823470681e-03
2.551049785537616854e-01,9.172795176969929243e-03
2.865975208125910445e-01,1.328227857552171862e-02
3.219777967548111963e-01,1.897073979800962401e-02
3.617257445533632598e-01,2.670479890683538984e-02
4.063805504338082186e-01,3.702308787445968141e-02
4.565479628075576612e-01,5.051986689202231373e-02
5.129085093300529419e-01,6.781647994966980009e-02
5.762267283493881509e-01,8.952022831752937115e-02
6.473615399712076002e-01,1.161721574272053248e-01
7.272778974247632311e-01,1.481871884726436994e-01
8.170598767824696074e-01,1.857934105799616820e-01
9.179253825967482738e-01,2.289771574894173822e-01
1.031242668938096685e+00,2.774424022575158744e-01
1.158548899944469746e+00,3.305925079637340724e-01
1.301571001658303750e+00,3.875394944587962631e-01
1.462249088009145437e+00,4.471430035584272877e-01
1.642762778718470651e+00,5.080769034429570841e-01
1.845560766132583463e+00,5.689172841635067313e-01
2.073394032061649739e+00,6.282421863495996073e-01
2.329353165215711119e+00,6.847314659742905762e-01
2.616910285453700080e+00,7.372551359645551639e-01
2.939966143553497613e+00,7.849403592178755273e-01
3.302903035417698696e+00,8.272106221483547239e-01
3.710644248503383036e+00,8.637948178763880103e-01
4.168720846874620634e+00,8.947082032032712684e-01
4.683346700825936182e+00,9.202107078056620537e-01
5.261502778863538232e+00,9.407503285187963638e-01
5.911031845476362179e+00,9.569001078548353689e-01
6.640744849284789808e+00,9.692965657122287748e-01
7.460540444736607490e+00,9.785857709294242257e-01
8.381539268677865806e+00,9.853809866140135210e-01
9.416234793278331239e+00,9.902334927772327156e-01
1.057866280165168682e+01,9.936161816897686183e-01
1.188459178512981573e+01,9.959180822358363327e-01
1.335173684495568658e+01,9.974471805385066725e-01
1.500000000000000000e+01,9.984387080981311779e-01
