5.000000000000000971e-02,7.949472455538467153e-03
5.617246720102575530e-02,1.030058521328815029e-02
6.310692142900625745e-02,1.325254966793620003e-02
7.089742948257125865e-02,1.693231537495087924e-02
7.964967064493538862e-02,2.148659108434601561e-02
8.948237023750268970e-02,2.708284913698138369e-02
1.005289101447232603e-01,3.390955556595780240e-02
1.129391381571866332e-01,4.217526253719675738e-02
1.268814006769335978e-01,5.210615310114571908e-02
1.425448263589051412e-01,6.394162007582142315e-02
1.601418916664301417e-01,7.792751227818320303e-02
1.799113031428553333e-01,9.430681099294355163e-02
2.021212354977167946e-01,1.133077183419318734e-01
2.270729694325258896e-01,1.351294439327708763e-01
2.551049785537616854e-01,1.599263446407257483e-01
2.865975208125910445e-01,1.877914613272381184e-01
3.219777967548111963e-01,2.187408439636586155e-01
3.617257445533632598e-01,2.527002910608689978e-01
4.063805504338082186e-01,2.894961818269492504e-01
4.565479628075576612e-01,3.288519010724404446e-01
5.129085093300529419e-01,3.703909337451873895e-01
5.762267283493881509e-01,4.136470696572234207e-01
6.473615399712076002e-01,4.580813872264791753e-01
7.272778974247632311e-01,5.031048914534211880e-01
8.170598767824696074e-01,5.481049946447466015e-01
9.179253825967482738e-01,5.924735660140623139e-01
1.031242668938096685e+00,6.356341183819649299e-01
1.158548899944469746e+00,6.770658711929811169e-01
1.301571001658303750e+00,7.163228919857580479e-01
1.462249088009145437e+00,7.530471837638196275e-01
1.642762778718470651e+00,7.869753323832748837e-01
1.845560766132583463e+00,8.179390310243368489e-01
2.073394032061649739e+00,8.458603553727127577e-01
2.329353165215711119e+00,8.707430117411527615e-01
2.616910285453700080e+00,8.926609074737075211e-01
2.939966143553497613e+00,9.117453278564405794e-01
3.302903035417698696e+00,9.281718041462352353e-01
3.710644248503383036e+00,9.421474911624748705e-01
4.168720846874620634e+00,9.538996014690035441e-01
4.683346700825936182e+00,9.636652097997708832e-01
5.261502778863538232e+00,9.716825671243743967e-01
5.911031845476362179e+00,9.781839497753133106e-01
6.640744849284789808e+00,9.833900031671520825e-01
7.460540444736607490e+00,9.875055041452244220e-01
8.381539268677865806e+00,9.907164444728564501e-01
9.416234793278331239e+00,9.931883193269538390e-01
1.057866280165168682e+01,9.950654843952261297e-01
1.188459178512981573e+01,9.964714241484698976e-01
1.335173684495568658e+01,9.975097560491448245e-01
1.500000000000000000e+01,9.982657853415709548e-01
