5.000000000000000971e-02,6.345557551287344951e-08
5.617246720102575530e-02,1.286757489975585562e-07
6.310692142900625745e-02,2.556550409226167757e-07
7.089742948257125865e-02,4.977703877874887188e-07
7.964967064493538862e-02,9.500797306892593707e-07
8.948237023750268970e-02,1.778562540879319793e-06
1.005289101447232603e-01,3.268128556589258725e-06
1.129391381571866332e-01,5.901436390293079352e-06
1.268814006769335978e-01,1.048956301669054785e-05
1.425448263589051412e-01,1.839221584471205416e-05
1.601418916664301417e-01,3.189489053672483717e-05
1.799113031428553333e-01,5.486010874489977650e-05
2.021212354977167946e-01,9.384671867392307531e-05
2.270729694325258896e-01,1.600006362634934839e-04
2.551049785537616854e-01,2.721666130705096783e-04
2.865975208125910445e-01,4.618636463213939935e-04
3.219777967548111963e-01,7.810360106238451545e-04
3.617257445533632598e-01,1.313894410585582373e-03
4.063805504338082186e-01,2.194749577280025177e-03
4.565479628075576612e-01,3.634444747270509923e-03
5.129085093300529419e-01,5.958409897685382206e-03
5.762267283493881509e-01,9.658524999145786868e-03
6.473615399712076002e-01,1.545735459023971428e-02
7.272778974247632311e-01,2.437530144584808614e-02
8.170598767824696074e-01,3.777841687858974479e-02
9.179253825967482738e-01,5.736968259766395128e-02
1.031242668938096685e+00,8.507708171887648496e-02
1.158548899944469746e+00,1.227998827036968083e-01
1.301571001658303750e+00,1.720120623406266591e-01
1.462249088009145437e+00,2.332888230747233171e-01
1.642762778718470651e+00,3.058949292073462889e-01
1.845560766132583463e+00,3.876055983803972094e-01
2.073394032061649739e+00,4.748799435177049055e-01
2.329353165215711119e+00,5.574728343334253156e-01
2.616910285453700080e+00,6.360329799496361458e-01
2.939966143553497613e+00,7.113418823091510745e-01
3.302903035417698696e+00,7.798215105436298034e-01
3.710644248503383036e+00,8.388471963404399157e-01
4.168720846874620634e+00,8.870469278895830589e-01
4.683346700825936182e+00,9.243183972261790338e-01
5.261502778863538232e+00,9.516000494572891544e-01
5.911031845476362179e+00,9.704964745331743359e-01
6.640744849284789808e+00,9.828778099409678504e-01
7.460540444736607490e+00,9.905497557035219947e-01
8.381539268677865806e+00,9.950441430444599833e-01
9.416234793278331239e+00,9.975326805633251137e-01
1.057866280165168682e+01,9.988346894737328840e-01
1.188459178512981573e+01,9.994782266244058855e-01
1.335173684495568658e+01,9.997786435716311537e-01
1.500000000000000000e+01,9.999110703119326038e-01
