SA(0.6s),RES1,RES2,RES3,RES4,RES5,RES6,COM1,COM2,COM3,COM4,COM5,COM6,COM7,COM8,COM9,COM10,IND1,IND2,IND3,IND4,IND5,IND6,GOV1,GOV2,EDU1,EDU2
0.05000000000000001,0.0018772949228159103,0.0006181458696346163,0.0024859946537203166,0.0013060666814446221,0.0013060666814446221,0.0024859946537203166,0.0009915471927245954,0.0009915471927245954,0.0009915471927245954,0.0013115477837231913,0.0009624085984907666,0.001961840573306218,0.0014381317954575805,0.0009624085984907666,0.0009624085984907666,0.0009400177369775975,0.0009800072938871292,0.0009800072938871292,0.0009800072938871292,0.0009800072938871292,0.0014727514919699787,0.0008417650914893618,0.0013060666814446221,0.00097737798462928,0.0013060666814446221,0.0024859946537203166
0.056172467201025755,0.003832067573628719,0.0012623194466329858,0.005075767858307537,0.0026626298284515527,0.0026626298284515527,0.005075767858307537,0.0020206059915702885,0.0020206059915702885,0.0020206059915702885,0.0026733780805842946,0.001962771970977909,0.003999318868743699,0.0029334097043341224,0.001962771970977909,0.001962771970977909,0.0019187208498475448,0.001997745233995248,0.001997745233995248,0.001997745233995248,0.001997745233995248,0.0030019919770592433,0.0017177072828118414,0.0026626298284515527,0.001992677248639037,0.0026626298284515527,0.005075767858307537
0.06310692142900626,0.007650039118155944,0.0025210195741591783,0.01013520077955608,0.005308677786674858,0.005308677786674858,0.01013520077955608,0.0040269968275097445,0.0040269968275097445,0.0040269968275097445,0.005329271129273574,0.003914844777764286,0.007973313351311646,0.005851673824047714,0.003914844777764286,0.003914844777764286,0.0038301678947276507,0.00398274836339502,0.00398274836339502,0.00398274836339502,0.00398274836339502,0.005984419216391887,0.0034279870676768784,0.005308677786674858,0.003973209958371182,0.005308677786674858,0.01013520077955608
0.07089742948257126,0.014936440130016979,0.004924190854299211,0.019793158150639208,0.010351786164825554,0.010351786164825554,0.019793158150639208,0.00784938429498367,0.00784938429498367,0.00784938429498367,0.010390337098737153,0.0076368934498692595,0.015546954714194133,0.01141678924089229,0.0076368934498692595,0.0076368934498692595,0.007477857798486389,0.0077657037019749995,0.0077657037019749995,0.0077657037019749995,0.0077657037019749995,0.0116678310199183,0.0066908928398311165,0.010351786164825554,0.007748175044468198,0.010351786164825554,0.019793158150639208
0.07964967064493539,0.028523873014040912,0.009407412990120911,0.03780723737765371,0.01974343408995791,0.01974343408995791,0.03780723737765371,0.014964758231251608,0.014964758231251608,0.014964758231251608,0.019813945925804082,0.01457140515951343,0.029650407052859953,0.021786595903423973,0.01457140515951343,0.01457140515951343,0.014279564465982,0.014810136595390159,0.014810136595390159,0.014810136595390159,0.014810136595390159,0.022250460811008323,0.012773468976290132,0.01974343408995791,0.014778685291489433,0.01974343408995791,0.03780723737765371
0.08948237023750269,0.05328131248022037,0.0175796109417651,0.07063809322857338,0.03683288994209663,0.03683288994209663,0.07063809322857338,0.027906854155488887,0.027906854155488887,0.027906854155488887,0.03695890086740786,0.02719542064952298,0.05531234037580055,0.04066712004897324,0.02719542064952298,0.02719542064952298,0.02667215897143799,0.02762770601172984,0.02762770601172984,0.02762770601172984,0.02762770601172984,0.041504564480250375,0.02385286855314404,0.03683288994209663,0.02757260886537074,0.03683288994209663,0.07063809322857338
0.10052891014472326,0.09735892074189399,0.032135226863089825,0.12910305898275162,0.06721777594731967,0.06721777594731967,0.12910305898275162,0.050908313089019,0.050908313089019,0.050908313089019,0.06743780166139175,0.049651138303921406,0.10093667677801554,0.07425668174181005,0.049651138303921406,0.049651138303921406,0.04873446679946501,0.050415912922629105,0.050415912922629105,0.050415912922629105,0.050415912922629105,0.0757338822409797,0.04357212542586412,0.06721777594731967,0.0503216801556707,0.06721777594731967,0.12910305898275162
0.11293913815718663,0.17403754377835814,0.05746698822920301,0.2308338828357892,0.12000513676672732,0.12000513676672732,0.2308338828357892,0.0908521749994306,0.0908521749994306,0.0908521749994306,0.12038050519129401,0.08868164038982866,0.18019538936237434,0.1326470921601763,0.08868164038982866,0.08868164038982866,0.08711261399532075,0.09000354065470773,0.09000354065470773,0.09000354065470773,0.09000354065470773,0.1351929951943449,0.07786552240007946,0.12000513676672732,0.0898462012417727,0.12000513676672732,0.2308338828357892
0.1268814006769336,0.3043766045679712,0.10054377307412467,0.403796718289669,0.20961282291277464,0.20961282291277464,0.403796718289669,0.15863015713398212,0.15863015713398212,0.15863015713398212,0.21023851562445814,0.15496875355807216,0.31473208072500364,0.2318274376254247,0.15496875355807216,0.15496875355807216,0.15234472546190647,0.15720112503811762,0.15720112503811762,0.15720112503811762,0.15720112503811762,0.2361145339130182,0.13613969392343894,0.20961282291277464,0.15694466810534174,0.20961282291277464,0.403796718289669
0.14254482635890514,0.5208571496253119,0.1721192525394252,0.6911369308645522,0.3582418264478798,0.3582418264478798,0.6911369308645522,0.2710055305219975,0.2710055305219975,0.2710055305219975,0.3592608483413982,0.26497107007659054,0.5378722506185789,0.3964375832213674,0.26497107007659054,0.26497107007659054,0.2606833302860356,0.2686543697423557,0.2686543697423557,0.2686543697423557,0.2686543697423557,0.40349106556029274,0.2328977961840479,0.3582418264478798,0.2682463235717201,0.3582418264478798,0.6911369308645522
0.16014189166643014,0.8721806227747092,0.2883251962041472,1.157563630917645,0.5991241163539909,0.5991241163539909,1.157563630917645,0.4530584313396978,0.4530584313396978,0.4530584313396978,0.6007456463753578,0.443341271016564,0.8994969395416698,0.663390376503479,0.443341271016564,0.443341271016564,0.4364956938926963,0.4492788678915309,0.4492788678915309,0.4492788678915309,0.4492788678915309,0.6747290668479797,0.3898777517146711,0.5991241163539909,0.44864514924788057,0.5991241163539909,1.157563630917645
0.17991130314285533,1.429288726679894,0.47267195523322775,1.8973627037039023,0.9805842789509274,0.9805842789509274,1.8973627037039023,0.741241203110429,0.741241203110429,0.741241203110429,0.9831053525983745,0.7259532095368083,1.4721369552501147,1.0864087406577654,0.7259532095368083,0.7259532095368083,0.7152746317518087,0.7353048473700731,0.7353048473700731,0.7353048473700731,0.7353048473700731,1.1042178078788332,0.6387329285421515,0.9805842789509274,0.7343442357966001,0.9805842789509274,1.8973627037039023
0.2021212354977168,2.292497411880189,0.7584216387546887,3.04389831765364,1.5708350081038467,1.5708350081038467,3.04389831765364,1.1869820065136754,1.1869820065136754,1.1869820065136754,1.5746647114314376,1.1634817862352353,2.3581673638195655,1.741392976025262,1.1634817862352353,1.1634817862352353,1.1472061317719922,1.1778720319783318,1.1778720319783318,1.1778720319783318,1.1778720319783318,1.768722899631293,1.0242066410841784,1.5708350081038467,1.1764509070418185,1.5708350081038467,3.04389831765364
0.2270729694325259,3.599378719084755,1.1912135068970744,4.7801181174342044,2.463250105450823,2.463250105450823,4.7801181174342044,1.860641983016531,1.860641983016531,1.860641983016531,2.4689342327001658,1.8253477450501645,3.697717221800906,2.7323374903259037,1.8253477450501645,1.8253477450501645,1.8011103913547133,1.846982527944628,1.846982527944628,1.846982527944628,1.846982527944628,2.773315855541613,1.6076362325252547,2.463250105450823,1.8449308201950938,2.463250105450823,4.7801181174342044
0.2551049785537617,5.53268433044247,1.8317081535863045,7.349124884766386,3.781629261009792,3.781629261009792,7.349124884766386,2.8554587269534335,2.8554587269534335,2.8554587269534335,3.7898721891134013,2.8036686882961335,5.676565355566493,4.197260104340591,2.8036686882961335,2.8036686882961335,2.768402897247137,2.8354477380331304,2.8354477380331304,2.8354477380331304,2.8354477380331304,4.2572930711015005,2.4704711795869234,3.781629261009792,2.832557328059851,3.781629261009792,7.349124884766386
0.28659752081259104,8.327215110880307,2.7578872801616017,11.063358187658919,5.684708174821843,5.684708174821843,11.063358187658919,4.290913194860614,4.290913194860614,4.290913194860614,5.696387514575312,4.216662705083209,8.5329019321095,6.313314717871345,4.216662705083209,4.216662705083209,4.166527390378521,4.262269918350323,4.262269918350323,4.262269918350323,4.262269918350323,6.399244547402218,3.7173164924382753,5.684708174821843,4.258296889786128,5.684708174821843,11.063358187658919
0.3219777967548112,12.274162190027013,4.066519292710382,16.31042382414141,8.368917146269508,8.368917146269508,16.31042382414141,6.3147698915956365,6.3147698915956365,6.3147698915956365,8.385085810161595,6.210762744718639,12.561460051350304,9.299975453185871,6.210762744718639,6.210762744718639,6.141123260986529,6.274711288005942,6.274711288005942,6.274711288005942,6.274711288005942,9.420151263954956,5.477844709237847,8.368917146269508,6.269383403701657,8.368917146269508,16.31042382414141
0.36172574455336326,17.721166602439176,5.873207251471264,23.553235567013537,12.068211694834327,12.068211694834327,23.553235567013537,9.10290684705109,9.10290684705109,9.10290684705109,12.09008170749965,8.960563253729259,18.11325254858415,13.418974867928565,8.960563253729259,8.960563253729259,8.86605080438592,9.048168978388706,9.048168978388706,9.048168978388706,9.048168978388706,13.58318847391572,7.906796817678298,12.068211694834327,9.041199416705737,12.068211694834327,23.553235567013537
0.4063805504338082,25.066274257705437,8.310410850705047,33.32203687158264,17.049762554820575,17.049762554820575,33.32203687158264,12.856026933770067,12.856026933770067,12.856026933770067,17.078665559713816,12.665689742657653,25.589095334677484,18.96963160909324,12.665689742657653,12.665689742657653,12.540362880076028,12.78294686843485,12.78294686843485,12.78294686843485,12.78294686843485,19.188871805098895,11.18126253061755,17.049762554820575,12.7740545785283,17.049762554820575,33.32203687158264
0.45654796280755766,34.744207332462686,11.522913637834353,46.19619175195997,23.60446974579658,23.60446974579658,46.19619175195997,17.792477988989535,17.792477988989535,17.792477988989535,23.641790981848164,17.543809656827214,35.425365236720666,26.27839324918924,17.543809656827214,17.543809656827214,17.38143397524424,17.697148132918237,17.697148132918237,17.697148132918237,17.697148132918237,26.564382817403143,15.494540626358113,23.60446974579658,17.686084161483933,23.60446974579658,46.19619175195997
0.5129085093300529,47.20400726513151,15.660415925760896,62.77447482853265,32.03170458867632,32.03170458867632,62.77447482853265,24.13674174896958,24.13674174896958,24.13674174896958,32.078790187906776,23.819325974758684,48.07109968262971,35.681903362907576,23.819325974758684,23.819325974758684,23.61377503237337,24.015241291155796,24.015241291155796,24.015241291155796,24.015241291155796,36.046404736348926,21.046163704690944,32.03170458867632,24.001819205429943,32.03170458867632,62.77447482853265
0.5762267283493882,62.87814007436865,20.867277131059947,83.6339671175132,42.61838913917541,42.61838913917541,83.6339671175132,32.10368359892572,32.10368359892572,32.10368359892572,42.67643072173278,31.707817938532816,63.956604500041806,47.50368532524185,31.707817938532816,31.707817938532816,31.453580432823667,31.952381184608964,31.952381184608964,31.952381184608964,31.952381184608964,47.957592568192126,28.02813351545804,42.61838913917541,31.93650846705263,42.61838913917541,83.6339671175132
0.6473615399712076,82.14451321778823,27.269882936008603,109.27947295231449,55.613438234531955,55.613438234531955,109.27947295231449,41.879343576237744,41.879343576237744,41.879343576237744,55.68334342921654,41.39697550181565,83.45510994914022,62.0255580580389,41.39697550181565,41.39697550181565,41.08973290756526,41.695252486535516,41.695252486535516,41.695252486535516,41.695252486535516,62.57783132714557,36.60801764871024,55.613438234531955,41.67695877401424,55.613438234531955,109.27947295231449
0.7272778974247632,105.28435554299962,34.962613515206336,140.08737676045556,71.19959184025672,71.19959184025672,140.08737676045556,53.599800689129374,53.599800689129374,53.599800689129374,71.28185373612729,53.025524535898896,106.84051870832036,79.45602490797778,53.025524535898896,53.025524535898896,52.66274324546745,53.38095467276236,53.38095467276236,53.38095467276236,53.38095467276236,80.11256295707882,46.91022581514929,71.19959184025672,53.36041224250378,71.19959184025672,140.08737676045556
0.8170598767824696,132.44029282000702,43.993851003574996,176.24970332599509,89.46557502338415,89.46557502338415,176.24970332599509,67.33032224819307,67.33032224819307,67.33032224819307,89.56015670686287,66.66232510247163,134.2456533768156,99.89890597022872,66.66232510247163,66.66232510247163,66.24379183087318,67.07612930512634,67.07612930512634,67.07612930512634,67.07612930512634,100.66148479942888,58.997396061904425,89.46557502338415,67.0536615018127,89.46557502338415,176.24970332599509
0.9179253825967483,163.579902259306,54.353784560604566,217.72542017992455,110.38213337780881,110.38213337780881,217.72542017992455,83.04746283895733,83.04746283895733,83.04746283895733,110.48838472027458,82.28829093894714,165.6263257379461,123.32618506595495,82.28829093894714,82.28829093894714,81.81651396526945,82.75898842479867,82.75898842479867,82.75898842479867,82.75898842479867,124.1916083084309,72.85424092827138,110.38213337780881,82.73506287897828,110.38213337780881,217.72542017992455
1.0312426689380967,198.47026435057694,65.96585412045822,264.206343773259,133.7856148715689,133.7856148715689,264.206343773259,100.62686321470642,100.62686321470642,100.62686321470642,133.9022369756951,99.78388290417362,200.73673335941643,149.5592022521342,99.78388290417362,99.78388290417362,99.26428770132003,100.30699574315341,100.30699574315341,100.30699574315341,100.30699574315341,150.51880466679322,88.37630402494665,133.7856148715689,100.28220116804215,133.7856148715689,264.206343773259
1.1585488999444697,236.6683615945482,78.68345590058149,315.10413018069545,159.37228514148433,159.37228514148433,315.10413018069545,119.83912909747649,119.83912909747649,119.83912909747649,159.49735319198328,118.92458085729858,239.12096173747597,178.26180323544892,118.92458085729858,118.92458085729858,118.36544780989884,119.49259033391753,119.49259033391753,119.49259033391753,119.49259033391753,179.30141952612576,105.36577607499866,159.37228514148433,119.46759812582516,159.37228514148433,315.10413018069545
1.3015710016583038,277.5305768789659,92.29300486215799,369.56271158818265,186.70546350478173,186.70546350478173,369.56271158818265,140.3553385922282,140.3553385922282,140.3553385922282,186.83651167111364,139.38592795997576,280.12371934033854,208.94784377363166,139.38592795997576,139.38592795997576,138.79805048106593,139.98851899270008,139.98851899270008,139.98851899270008,139.98851899270008,210.04830257221607,123.53580612655676,186.70546350478173,139.96403336281628,186.70546350478173,369.56271158818265
1.4622490880091454,320.24219197842854,106.52366809241197,426.49740965005196,215.23597447216102,215.23597447216102,426.49740965005196,161.7625284678011,161.7625284678011,161.7625284678011,215.37013803333394,160.7585578524497,322.921043488828,241.0036732175016,160.7585578524497,160.7585578524497,160.1546368795075,161.38315040895966,161.38315040895966,161.38315040895966,161.38315040895966,242.14180739402593,142.52369601158782,215.23597447216102,161.3598528366183,215.23597447216102,426.49740965005196
1.6427627787184707,363.86503573491797,121.06316665765199,484.658289982524,244.33456866919892,244.33456866919892,484.658289982524,183.5881283302448,183.5881283302448,183.5881283302448,244.46877013737472,182.57223905183557,366.5689537378863,273.7241571095775,182.57223905183557,182.57223905183557,181.96606823450296,183.2047647480498,183.2047647480498,183.2047647480498,183.2047647480498,274.8742478561626,161.9121433830045,244.33456866919892,183.18325971517592,244.33456866919892,484.658289982524
1.8455607661325835,407.3987606574019,135.5781511177681,542.7117562477949,273.33320005470244,273.33320005470244,542.7117562477949,205.33098982883064,205.33098982883064,205.33098982883064,273.46435933273,204.32664235631168,410.0653797210675,306.35880425643995,204.32664235631168,204.32664235631168,203.73217014820784,204.95248757864846,204.95248757864846,204.95248757864846,204.95248757864846,307.49431100698644,181.25651379532502,273.33320005470244,204.9332565377681,273.33320005470244,542.7117562477949
2.0733940320616497,449.8491366352684,149.7369547489146,599.3315856426713,301.5706855335255,301.5706855335255,599.3315856426713,226.49564431834736,226.49564431834736,226.49564431834736,301.6959303695359,225.52550539291997,452.41865071829346,338.1630132533695,225.52550539291997,225.52550539291997,224.9558795266368,226.13051639786806,226.13051639786806,226.13051639786806,226.13051639786806,339.2583970148073,200.1151975130757,301.5706855335255,226.11388570607986,301.5706855335255,599.3315856426713
2.329353165215711,490.2956501322554,163.2321557241976,653.2891272181614,328.43758526842527,328.43758526842527,653.2891272181614,246.62591565820003,246.62591565820003,246.62591565820003,328.5544382236375,245.71033569518653,492.71480438024395,368.44865058756756,245.71033569518653,245.71033569518653,245.17703830493076,246.2817713521248,246.2817713521248,246.2817713521248,246.2817713521248,369.4810835057933,218.0796230144869,328.43758526842527,246.2678977007626,328.43758526842527,653.2891272181614
2.6169102854537,527.950806779721,175.80040963672772,703.5325165154763,353.41526494227355,353.41526494227355,703.5325165154763,265.33411655364387,265.33411655364387,265.33411655364387,353.5217867756528,264.48986644973274,530.1761583301,396.6282778412198,264.48986644973274,264.48986644973274,264.0020338482053,265.0171925745471,265.0171925745471,265.0171925745471,265.0171925745471,397.57904977851024,234.80055329505063,353.41526494227355,265.0060667021853,353.41526494227355,703.5325165154763
2.9399661435534976,562.2048326706362,187.2374407501204,749.2464779284503,376.10501015819557,376.10501015819557,749.2464779284503,282.3227465616523,282.3227465616523,282.3227465616523,376.1998862148396,281.56214267290466,564.2049532656154,422.2483379527129,281.56214267290466,281.56214267290466,281.1261353494791,282.0375865798551,282.0375865798551,282.0375865798551,282.0375865798551,423.1038178981046,250.00787217288578,376.10501015819557,282.0290533231928,376.10501015819557,749.2464779284503
3.3029030354176987,592.6516959874766,197.40681899436095,789.8872471264901,396.24457689299385,396.24457689299385,789.8872471264901,297.3967501474234,297.3967501474234,297.3967501474234,396.32714145464234,296.7272377596443,594.408147620315,445.00829207781794,296.7272377596443,296.7272377596443,296.34648913415043,297.14605783094754,297.14605783094754,297.14605783094754,297.14605783094754,445.76036902724553,263.5220599386098,396.24457689299385,297.13984836440227,396.24457689299385,789.8872471264901
3.710644248503383,619.0950928299256,206.2420562257343,825.1907736547748,413.71138661123456,413.71138661123456,825.1907736547748,310.46576279690487,310.46576279690487,310.46576279690487,413.7815886611673,309.8899631036728,620.6021809418181,464.7647426055766,309.8899631036728,309.8899631036728,309.565096927446,310.25042888251664,310.25042888251664,310.25042888251664,310.25042888251664,465.4107443487414,275.2567679857653,413.71138661123456,310.24619969557716,413.71138661123456,825.1907736547748
4.168720846874621,641.535754178424,213.7424612785353,855.1559850090405,428.51337301060255,428.51337301060255,855.1559850090405,321.5371192620951,321.5371192620951,321.5371192620951,428.5716940115408,321.0532845127321,642.7992200163729,481.52160576815993,321.0532845127321,321.0532845127321,320.7824573394466,321.3564006786614,321.3564006786614,321.3564006786614,321.3564006786614,482.0637615184612,285.21310611822446,428.51337301060255,321.3537735902169,428.51337301060255,855.1559850090405
4.683346700825936,660.1436711409749,219.96394373538968,880.0078885602168,440.7699540631627,440.7699540631627,880.0078885602168,330.70149240644764,330.70149240644764,330.70149240644764,440.8172930768002,330.30426831857477,661.1786006015627,495.4090634642247,330.30426831857477,330.30426831857477,330.08367032389685,330.5533047059442,330.5533047059442,330.5533047059442,330.5533047059442,495.85362656573506,293.46724851197837,440.7699540631627,330.5519029322259,440.7699540631627,880.0078885602168
5.261502778863538,675.2202754950338,225.00644104812076,900.1472179912842,450.6865266089052,450.6865266089052,900.1472179912842,338.113716653768,338.113716653768,338.113716653768,450.7240699138448,337.7950863589669,676.0485615658276,506.65508623351064,337.7950863589669,337.7950863589669,337.61952357375185,337.9949921205211,337.9949921205211,337.9949921205211,337.9949921205211,507.0112598332514,300.15360008559156,450.6865266089052,337.99446882596243,450.6865266089052,900.1472179912842
5.911031845476362,687.1561147091885,228.99981583427856,916.0940110027474,458.52617775006956,458.52617775006956,916.0940110027474,343.97156564981333,343.97156564981333,343.97156564981333,458.55526916587576,343.7218466433346,687.8038123330074,515.5536785491956,343.7218466433346,343.7218466433346,343.5853302085458,343.878628842385,343.878628842385,343.878628842385,343.878628842385,515.8324889714805,305.4459841521729,458.52617775006956,343.8786863387338,458.52617775006956,916.0940110027474
6.64074484928479,696.3891818900117,232.08994788214085,928.4320086849028,464.5820227873038,464.5820227873038,928.4320086849028,348.49503456817376,348.49503456817376,348.49503456817376,464.60404780546384,348.3038163576604,696.8840466900357,522.4336995183306,348.3038163576604,348.3038163576604,348.20009719954584,348.4239534919493,348.4239534919493,348.4239534919493,348.4239534919493,522.646942747004,309.53914066099065,464.5820227873038,348.4243529372992,464.5820227873038,928.4320086849028
7.4605404447366075,703.3680118189454,234.42639816146433,937.7593733811046,469.15285859421414,469.15285859421414,937.7593733811046,351.9081332357195,351.9081332357195,351.9081332357195,469.1691510575769,351.76507261931516,703.7374341230026,527.63131646561,351.76507261931516,351.76507261931516,351.6880790253134,351.8550155424638,351.8550155424638,351.8550155424638,351.8550155424638,527.7906695453771,312.6323560352485,469.15285859421414,351.8555783367619,469.15285859421414,937.7593733811046
8.381539268677866,708.5222298577311,236.15254824947417,944.6493245984736,472.5238629797988,472.5238629797988,944.6493245984736,354.42447628639354,354.42447628639354,354.42447628639354,472.53563839668476,354.3199021715132,708.7916821781412,531.4680778403839,354.3199021715132,354.3199021715132,354.264058783087,354.3856931091381,354.3856931091381,354.3856931091381,354.3856931091381,531.5844273721501,314.9164119861467,472.5238629797988,354.3862960232963,472.5238629797988,944.6493245984736
9.416234793278331,712.2417462598482,237.39861996517539,949.6222989591118,474.95307723167815,474.95307723167815,949.6222989591118,356.2372124562627,356.2372124562627,356.2372124562627,474.9613926650914,356.162526037265,712.4337735642239,534.2354736224844,356.162526037265,356.162526037265,356.12295198827746,356.20954517212573,356.20954517212573,356.20954517212573,356.20954517212573,534.3184754748953,316.56437720789125,474.95307723167815,356.210111557395,474.95307723167815,949.6222989591118
10.578662801651687,714.8644766969726,238.2775412039309,953.1294877505364,476.66354582972747,476.66354582972747,953.1294877505364,357.5131901329388,357.5131901329388,357.5131901329388,476.66928319564863,357.46107396439896,714.9981874275518,536.1858735806773,357.46107396439896,357.46107396439896,357.4336726899666,357.4939056214518,357.4939056214518,357.4939056214518,357.4939056214518,536.2437271151383,317.72618431116,476.66354582972747,357.4943949073882,476.66354582972747,953.1294877505364
11.884591785129816,716.6715022191254,238.88329937636937,955.5463109795603,477.8403579912068,477.8403579912068,955.5463109795603,358.3907873757778,358.3907873757778,358.3907873757778,477.8442257489927,358.3552556095895,716.7624708657032,537.5290156565983,358.3552556095895,358.3552556095895,358.33671804900916,358.3776542011197,358.3776542011197,358.3776542011197,358.3776542011197,537.5684151805725,318.52650611431176,477.8403579912068,358.3780514518762,477.8403579912068,955.5463109795603
13.351736844955687,717.8880196419467,239.29123437807814,957.1736326628934,478.6314771851608,478.6314771851608,957.1736326628934,358.9805688065639,358.9805688065639,358.9805688065639,478.63402474884265,358.9569000931137,717.9484895595822,538.4328025759886,358.9569000931137,358.9569000931137,358.9446467118938,358.97183004751986,358.97183004751986,358.97183004751986,358.97183004751986,538.4590188531207,319.0651972872171,478.6314771851608,358.9721367708668,478.6314771851608,957.1736326628934
15.0,718.6882513577566,239.55966062955991,958.2442756662185,479.15113731696187,479.15113731696187,958.2442756662185,359.36785372251086,359.36785372251086,359.36785372251086,479.1527768111789,359.352449275405,718.7275257225513,539.0270344188905,359.352449275405,359.352449275405,359.34453555243255,359.36217240873657,359.36217240873657,359.36217240873657,359.36217240873657,539.0440783602133,319.4194878726488,479.15113731696187,359.3623992408639,479.15113731696187,958.2442756662185
