SA(0.3s),RES1,RES2,RES3,RES4,RES5,RES6,COM1,COM2,COM3,COM4,COM5,COM6,COM7,COM8,COM9,COM10,IND1,IND2,IND3,IND4,IND5,IND6,GOV1,GOV2,EDU1,EDU2
0.05000000000000001,0.0033603979552271537,0.0011163037215680448,0.004265932723066928,0.0030528605309604146,0.0030528605309604146,0.004265932723066928,0.002681965488830065,0.002681965488830065,0.002681965488830065,0.00367368060162221,0.0030827875318641266,0.004889700831771519,0.004003361227134394,0.0030827875318641266,0.0030827875318641266,0.0018354039952790259,0.0026086328129541537,0.0026086328129541537,0.0026086328129541537,0.0026086328129541537,0.004223359254762128,0.002046626575191778,0.0030528605309604146,0.002365812058237658,0.0030528605309604146,0.004265932723066928
0.056172467201025755,0.005729663285032095,0.0018886980638144909,0.00726772588265049,0.005158179713552183,0.005158179713552183,0.00726772588265049,0.004510184010884662,0.004510184010884662,0.004510184010884662,0.006146517018551848,0.0051203751255596034,0.008231438222828107,0.0066922253833397415,0.0051203751255596034,0.0051203751255596034,0.0031119159687659635,0.004384135280776421,0.004384135280776421,0.004384135280776421,0.004384135280776421,0.007070371573664462,0.003432102297079369,0.005158179713552183,0.003984230811590518,0.005158179713552183,0.00726772588265049
0.06310692142900626,0.009644389334048722,0.0031568242732649666,0.012226173432009628,0.00860555867319747,0.00860555867319747,0.012226173432009628,0.007488890205029764,0.007488890205029764,0.007488890205029764,0.010156762684855833,0.00839936195038259,0.013683940015625385,0.011047838913915522,0.00839936195038259,0.00839936195038259,0.005209995669938952,0.007275312782927918,0.007275312782927918,0.007275312782927918,0.007275312782927918,0.011688571180221059,0.005684567327079513,0.00860555867319747,0.006626329942073669,0.00860555867319747,0.012226173432009628
0.07089742948257126,0.01602639132178029,0.0052125347590861555,0.02030924529907419,0.01417621959971804,0.01417621959971804,0.02030924529907419,0.012278119404518556,0.012278119404518556,0.012278119404518556,0.01657647490057299,0.013608163610074692,0.022464457050004535,0.018011990114257092,0.013608163610074692,0.013608163610074692,0.008613259486103883,0.011921382372752285,0.011921382372752285,0.011921382372752285,0.011921382372752285,0.019082201209555904,0.009299599415386953,0.01417621959971804,0.010883598231830171,0.01417621959971804,0.02030924529907419
0.07964967064493539,0.02629182871164565,0.008502767844397999,0.03331288723969708,0.023059317868599747,0.023059317868599747,0.03331288723969708,0.01987681207498672,0.01987681207498672,0.01987681207498672,0.026720920639187806,0.021776283178871786,0.036419778188193655,0.029002821997719617,0.021776283178871786,0.021776283178871786,0.01406131504846984,0.01928943485275239,0.01928943485275239,0.01928943485275239,0.01928943485275239,0.03076495366442261,0.015027073576637635,0.023059317868599747,0.01765424810046686,0.023059317868599747,0.03331288723969708
0.08948237023750269,0.042583283848044856,0.013702061088528589,0.053957329632680406,0.037037646063271014,0.037037646063271014,0.053957329632680406,0.03177398809663796,0.03177398809663796,0.03177398809663796,0.04254459139249107,0.0344208192059971,0.05830994175951655,0.046124283479775596,0.0344208192059971,0.0344208192059971,0.02266837825632744,0.030820616690017653,0.030820616690017653,0.030820616690017653,0.030820616690017653,0.0489843976996365,0.023985088734266552,0.037037646063271014,0.02828196514079838,0.037037646063271014,0.053957329632680406
0.10052891014472326,0.06809272665021794,0.021813562587239564,0.08630048224903356,0.058743236705948804,0.058743236705948804,0.08630048224903356,0.050155305910631706,0.050155305910631706,0.050155305910631706,0.06690861878272142,0.05374449244209697,0.09219754609730951,0.07245135658637285,0.05374449244209697,0.05374449244209697,0.036087708844302124,0.048629907395529255,0.048629907395529255,0.048629907395529255,0.048629907395529255,0.0770275521316802,0.03781622245595021,0.058743236705948804,0.04474659542799577,0.058743236705948804,0.08630048224903356
0.11293913815718663,0.10750190513065142,0.03430702049352953,0.13630321847638857,0.09200197928951982,0.09200197928951982,0.13630321847638857,0.07817947445673486,0.07817947445673486,0.07817947445673486,0.10393825708283412,0.0828979994253143,0.1439711078309369,0.11241072134465716,0.0828979994253143,0.0828979994253143,0.05673502201365428,0.07577355684848991,0.07577355684848991,0.07577355684848991,0.07577355684848991,0.11962847416939201,0.05889763183546477,0.09200197928951982,0.0699209137350463,0.09200197928951982,0.13630321847638857
0.1268814006769336,0.16757024033111606,0.053303479967584624,0.21258632832588087,0.14228829480053942,0.14228829480053942,0.21258632832588087,0.12034013094235117,0.12034013094235117,0.12034013094235117,0.15949067029063665,0.12632036523245793,0.22203362994585776,0.17227817235858964,0.12632036523245793,0.12632036523245793,0.08808571403808234,0.116599417209021,0.116599417209021,0.116599417209021,0.116599417209021,0.18350031355858012,0.0906177517415116,0.14228829480053942,0.10790904298312146,0.14228829480053942,0.21258632832588087
0.14254482635890514,0.25790231033397876,0.08181724271530079,0.3274220497725572,0.21731143719848503,0.21731143719848503,0.3274220497725572,0.18292875099569914,0.18292875099569914,0.18292875099569914,0.24175336484057577,0.19017078345573177,0.3381881196187729,0.26081424754150695,0.19017078345573177,0.19017078345573177,0.13506163707751206,0.17719545260167976,0.17719545260167976,0.17719545260167976,0.17719545260167976,0.27801414272356506,0.13773280496230195,0.21731143719848503,0.16448249608061555,0.21731143719848503,0.3274220497725572
0.16014189166643014,0.3919263454602942,0.12406569315934143,0.49800289645074786,0.32775326612725264,0.32775326612725264,0.49800289645074786,0.2746122746665367,0.2746122746665367,0.2746122746665367,0.3619914266516462,0.2828636669011675,0.5087489794530757,0.3900573398273577,0.2828636669011675,0.2828636669011675,0.2045227128612455,0.26595001856994915,0.26595001856994915,0.26595001856994915,0.26595001856994915,0.41604410811712034,0.20681554800206609,0.32775326612725264,0.24762856141320497,0.32775326612725264,0.49800289645074786
0.17991130314285533,0.5881104626613858,0.1858564302703291,0.748025186273652,0.48817238349769754,0.48817238349769754,0.748025186273652,0.40713469464454155,0.40713469464454155,0.40713469464454155,0.5354563316214878,0.4157147005344203,0.7559005493084414,0.5762881026778401,0.4157147005344203,0.4157147005344203,0.3058762183616405,0.394233380566571,0.394233380566571,0.394233380566571,0.394233380566571,0.6149920449117516,0.3068060674984738,0.48817238349769754,0.36822213465744713,0.48817238349769754,0.748025186273652
0.2021212354977168,0.8714331549272675,0.27505827261942295,1.109612239141598,0.7180803443238719,0.7180803443238719,1.109612239141598,0.5961441522352023,0.5961441522352023,0.5961441522352023,0.7824595724701503,0.6036990093272593,1.109310130558947,0.8411692858446107,0.6036990093272593,0.6036990093272593,0.4518113845002033,0.5772026952171285,0.5772026952171285,0.5772026952171285,0.5772026952171285,0.897993656898832,0.44966942021647727,0.7180803443238719,0.5408253696275639,0.7180803443238719,1.109612239141598
0.2270729694325259,1.2751073924638485,0.4021576302126487,1.625580677315554,1.0431813573582878,1.0431813573582878,1.625580677315554,0.8621355401140092,0.8621355401140092,0.8621355401140092,1.1295998916152157,0.8663126492229631,1.6079813031658956,1.2130504395775168,0.8663126492229631,0.8663126492229631,0.6591583297961562,0.8347217317313511,0.8347217317313511,0.8347217317313511,0.8347217317313511,1.2952918647254907,0.6511569273040799,1.0431813573582878,0.7846090220725941,1.0431813573582878,1.625580677315554
0.2551049785537617,1.8425324792498348,0.5808940409329518,2.352021019808407,1.4967469298469056,1.4967469298469056,2.352021019808407,1.231482921474396,1.231482921474396,1.231482921474396,1.611113074519065,1.2285152433627653,2.302303467106438,1.7284067203719886,1.2285152433627653,1.2285152433627653,0.9498577757929572,1.1923716472131327,1.1923716472131327,1.1923716472131327,1.1923716472131327,1.8457405431557785,0.9316566034252879,1.4967469298469056,1.1243746709128268,1.4967469298469056,2.352021019808407
0.28659752081259104,2.629414092162828,0.8289581169882052,3.361120012533309,2.1210713044993934,2.1210713044993934,3.361120012533309,1.7375164117332256,1.7375164117332256,1.7375164117332256,2.270288153154355,1.7217148261541826,3.2562153810765713,2.433355390576313,1.7217148261541826,1.7217148261541826,1.3520112582451544,1.6825102669885577,1.6825102669885577,1.6825102669885577,1.6825102669885577,2.5983738248103165,1.317103433232135,2.1210713044993934,1.591638116806639,2.1210713044993934,3.361120012533309
0.3219777967548112,3.7059512971253143,1.168721813437339,4.744097400505126,2.9689231414881556,2.9689231414881556,4.744097400505126,2.4215753482706575,2.4215753482706575,2.4215753482706575,3.1608644148474427,2.3847364420277017,4.549355348911877,3.385163389682266,2.3847364420277017,2.3847364420277017,1.900960966902479,2.3453152884032433,2.3453152884032433,2.3453152884032433,2.3453152884032433,3.6139435692845088,1.8399023591320947,2.9689231414881556,2.2257117831843654,2.9689231414881556,4.744097400505126
0.36172574455336326,5.1589417770107335,1.6279553331832162,6.6140664812119825,4.104875631310326,4.104875631310326,6.6140664812119825,3.333945208458662,3.333945208458662,3.333945208458662,4.348291740795142,3.264695023576748,6.279021501707897,4.653626425880304,3.264695023576748,3.264695023576748,2.640324915876571,3.229723110336418,3.229723110336418,3.229723110336418,3.229723110336418,4.9662927202470355,2.5397968623758396,4.104875631310326,3.0746992649857106,4.104875631310326,6.6140664812119825
0.4063805504338082,7.093606689480351,2.24046818770992,9.108560377371958,5.606364200678972,5.606364200678972,9.108560377371958,4.534562306080917,4.534562306080917,4.534562306080917,5.910705573783319,4.41767249740025,8.561716987570632,6.322167372996029,4.41767249740025,4.41767249740025,3.6228886880162623,4.39415191215258,4.39415191215258,4.39415191215258,4.39415191215258,6.743398554781043,3.464595541011863,5.606364200678972,4.196290556353449,5.606364200678972,9.108560377371958
0.45654796280755766,9.634889950279181,3.0465956166254875,12.391401563559512,7.564292487337479,7.564292487337479,12.391401563559512,6.093351096674597,6.093351096674597,6.093351096674597,7.939441396970229,5.909081572014637,11.534013185822593,8.488473448389204,5.909081572014637,5.909081572014637,4.911232202547778,5.906878285243694,5.906878285243694,5.906878285243694,5.906878285243694,9.047891882681915,4.670650464286826,7.564292487337479,5.658225091656863,7.564292487337479,12.391401563559512
0.5129085093300529,12.92795037005433,4.0934379930664715,16.65354007673522,10.082988552161307,10.082988552161307,16.65354007673522,8.090047853380213,8.090047853380213,8.090047853380213,10.538897020463128,7.813587434133719,15.352437062392873,11.264472682898758,7.813587434133719,7.813587434133719,6.57795230210262,7.845924890864108,7.845924890864108,7.845924890864108,7.845924890864108,11.99684157044707,6.222967290831866,10.082988552161307,7.538275423801845,10.082988552161307,16.65354007673522
0.5762267283493882,17.137547119044672,5.434752715858436,22.11245698895983,13.27931007426974,13.27931007426974,22.11245698895983,10.613365648978608,10.613365648978608,10.613365648978608,13.825549640630207,10.214457069568072,20.192084894584845,14.775446037991639,10.214457069568072,10.214457069568072,8.705333451112454,10.29831626705494,10.29831626705494,10.29831626705494,10.29831626705494,15.720594183762644,8.1948215531702,13.27931007426974,9.923601380063694,13.27931007426974,22.11245698895983
0.6473615399712076,22.446027823144135,7.130398304991494,29.009735593111852,17.28071497485021,17.28071497485021,29.009735593111852,13.759372757264822,13.759372757264822,13.759372757264822,17.92595367175188,13.202217433685654,26.243691810726155,19.15808745362681,13.202217433685654,13.202217433685654,11.384323585797485,13.358574750437874,13.358574750437874,13.358574750437874,13.358574750437874,20.36048147410765,10.666761530662173,17.28071497485021,12.909336954729161,17.28071497485021,29.009735593111852
0.7272778974247632,29.049671559838977,9.245241656854436,37.60645372221381,22.222156774199213,22.222156774199213,37.60645372221381,17.628992485479756,17.628992485479756,17.628992485479756,22.973588668362364,16.872530836424417,33.70895110838039,24.55736436047347,16.872530836424417,16.872530836424417,14.712693753460277,17.126361304406924,17.126361304406924,17.126361304406924,17.126361304406924,26.065257903691965,13.724898664659644,22.222156774199213,16.596303243760346,22.222156774199213,37.60645372221381
0.8170598767824696,37.15322100713843,11.847463664877921,48.17615400175412,28.241734013992748,28.241734013992748,48.17615400175412,22.324588014110077,22.324588014110077,22.324588014110077,29.10449601227477,21.323240005956094,42.79398202013013,31.122098010652124,21.323240005956094,21.323240005956094,18.79230100313972,21.703218011964744,21.703218011964744,21.703218011964744,21.703218011964744,32.986208017088124,17.458423336368284,28.241734013992748,21.087792008716733,28.241734013992748,48.17615400175412
0.9179253825967483,46.96255993369581,15.00623643409088,60.99530681763894,35.475119101271886,35.475119101271886,60.99530681763894,27.94566957462515,27.94566957462515,27.94566957462515,36.45173712029196,26.650595825354664,53.700987661417855,38.99927571901192,26.650595825354664,26.650595825354664,23.725434471602924,27.18843898519496,27.18843898519496,27.18843898519496,27.18843898519496,41.27096748730248,21.956337168707446,35.475119101271886,26.485435249403523,35.475119101271886,60.99530681763894
1.0312426689380967,58.67564982935723,18.788796185191543,76.33138865272853,44.04890890846522,44.04890890846522,76.33138865272853,34.58384891631623,34.58384891631623,34.58384891631623,45.13881972014336,32.94475487784572,66.6183187685369,48.32722150509044,32.94475487784572,32.94475487784572,29.61030261759815,33.67418063293334,33.67418063293334,33.67418063293334,33.67418063293334,51.05622635523908,27.30346078718184,44.04890890846522,32.884262873585854,44.04890890846522,76.33138865272853
1.1585488999444697,72.47202255411145,23.25699671176998,94.428943437252,54.07316825289641,54.07316825289641,94.428943437252,42.317260263652074,42.317260263652074,42.317260263652074,55.27236331998314,40.28471638740163,81.70934991288797,59.22787951401572,40.28471638740163,40.28471638740163,36.535810043827404,41.24001394920635,41.24001394920635,41.24001394920635,41.24001394920635,62.459618457352896,33.57585368577124,54.07316825289641,40.367146520707955,54.07316825289641,94.428943437252
1.3015710016583038,88.5013183534717,28.463493899443502,115.49425577162432,65.6335651361199,65.6335651361199,115.49425577162432,51.20475809072504,51.20475809072504,51.20475809072504,66.93439792485137,48.73295127895227,99.10076409854558,71.79859412969694,48.73295127895227,48.73295127895227,44.575867373918726,49.947211557223625,49.947211557223625,49.947211557223625,49.947211557223625,75.57123373020119,40.835863597653315,65.6335651361199,48.99892336878871,65.6335651361199,115.49425577162432
1.4622490880091454,106.87153954992641,34.44777549768156,139.67951451448587,78.78360790169825,78.78360790169825,139.67951451448587,61.28027866165722,61.28027866165722,61.28027866165722,80.17479644418287,58.330050523994466,118.87100612378967,86.10388724350707,58.330050523994466,58.330050523994466,53.78356691058436,59.83313976827476,59.83313976827476,59.83313976827476,59.83313976827476,90.44530392365445,49.127097732940484,78.78360790169825,58.820577861974044,78.78360790169825,139.67951451448587
1.6427627787184707,127.63783601404559,41.23230402389645,167.06755123774724,93.5375729803505,93.5375729803505,167.06755123774724,72.54780275003907,72.54780275003907,72.54780275003907,95.00441543857865,69.08977550921425,141.0397806996398,102.16782080559324,69.08977550921425,69.08977550921425,64.18562862157982,70.90617951702141,70.90617951702141,70.90617951702141,70.90617951702141,107.0926905046462,58.469667518262646,93.5375729803505,69.84391954974686,93.5375729803505,167.06755123774724
1.8455607661325835,150.79272566316305,48.81907611141665,197.658368042856,109.86474274639235,109.86474274639235,197.658368042856,84.97737097454791,84.97737097454791,84.97737097454791,111.38954661265034,80.99492019511854,165.55951605271753,119.96757642641982,80.99492019511854,80.99492019511854,75.77756379814602,83.14161942598545,83.14161942598545,83.14161942598545,83.14161942598545,125.47483107210718,68.85609232351436,109.86474274639235,82.04722037696237,109.86474274639235,197.658368042856
2.0733940320616497,176.25866189157688,57.186911474531925,231.3586951835746,127.68554514927382,127.68554514927382,231.3586951835746,98.50257358721173,98.50257358721173,98.50257358721173,129.24825222889532,93.99438560892739,192.3096712637215,139.42887133376956,93.99438560892739,93.99438560892739,88.52000771569382,96.47894190124312,96.47894190124312,96.47894190124312,96.47894190124312,145.49976639167542,80.2482479634734,127.68554514927382,95.37225631341042,127.68554514927382,231.3586951835746
2.329353165215711,203.88377729458782,66.28976383357535,267.97572203164833,146.8700951888694,146.8700951888694,267.97572203164833,113.01986074915193,113.01986074915193,113.01986074915193,148.44906668455215,108.00181740951092,221.09462853114553,160.42375461858364,108.00181740951092,108.00181740951092,102.33663152121458,110.82085580404402,110.82085580404402,110.82085580404402,110.82085580404402,167.0207694539074,92.57570743751941,146.8700951888694,109.7231321043797,146.8700951888694,267.97572203164833
2.6169102854537,233.44145663370594,76.05629278470128,307.21591968339794,167.23948557286502,167.23948557286502,307.21591968339794,128.38990036289061,128.38990036289061,128.38990036289061,168.81239649829075,122.8960670388619,251.64568382201043,182.7711896328671,122.8960670388619,122.8960670388619,117.1139560482094,126.0343189464058,126.0343189464058,126.0343189464058,126.0343189464058,189.83793388232158,105.73574357975907,167.23948557286502,124.96715576037673,167.23948557286502,307.21591968339794
2.9399661435534976,264.6341307930817,86.39085188879045,348.6895304350195,188.5699708330339,188.5699708330339,348.6895304350195,144.44105730594652,144.44105730594652,144.44105730594652,190.11475244688145,138.52361159105308,283.6273470564746,206.24063577273205,138.52361159105308,138.52361159105308,132.70326080000274,141.9536481963662,141.9536481963662,141.9536481963662,141.9536481963662,213.70286310147304,119.5951501344242,188.5699708330339,140.93787893566756,188.5699708330339,348.6895304350195
3.3029030354176987,297.1013584622827,97.17594056443382,391.9208653473788,210.59995415484485,210.59995415484485,391.9208653473788,160.9748945726465,160.9748945726465,160.9748945726465,212.0957184238767,154.7029172209536,316.64781336678317,230.55861156239854,154.7029172209536,154.7029172209536,148.9246202983993,158.38564736573824,158.38564736573824,158.38564736573824,158.38564736573824,238.32635318312327,133.9938983078185,210.59995415484485,157.44024405363996,210.59995415484485,391.9208653473788
3.710644248503383,330.43190455254984,108.2760458111293,436.36406737196506,233.0394432424648,233.0394432424648,436.36406737196506,177.773421261522,177.773421261522,177.773421261522,234.46732509844506,171.2305700118114,350.2731057916873,255.4179731617369,171.2305700118114,171.2305700118114,165.57292274026997,175.11651022629172,175.11651022629172,175.11651022629172,175.11651022629172,263.3887062674277,148.7504933530226,233.0394432424648,174.2575967739509,233.0394432424648,436.36406737196506
4.168720846874621,364.1791716837636,119.54267711385188,481.4235149734845,255.58141749552027,255.58141749552027,481.4235149734845,194.60765395633393,194.60765395633393,194.60765395633393,256.9252786257054,187.8888435559024,384.044056808373,280.48940420366847,187.8888435559024,187.8888435559024,182.42555112442813,191.9200967794617,191.9200967794617,191.9200967794617,191.9200967794617,288.55207573428515,163.668746235416,255.58141749552027,191.16015322013735,255.58141749552027,481.4235149734845
4.683346700825936,397.87903311948594,130.82028788389863,526.4776141425153,277.9143695849898,277.9143695849898,526.4776141425153,211.24693518592463,211.24693518592463,211.24693518592463,279.1613206998074,204.4542413019776,417.4950299348935,305.4344108381488,204.4542413019776,204.4542413019776,199.25125433844738,208.56705351966974,208.56705351966974,208.56705351966974,208.56705351966974,313.4740558369134,178.54554565158608,277.9143695849898,207.9143748946208,277.9143695849898,526.4776141425153
5.261502778863538,431.06888841323894,141.9526924323457,570.9044053590651,299.7351716716472,299.7351716716472,570.9044053590651,227.46838001190918,227.46838001190918,227.46838001190918,300.87588701500414,220.7064592872735,450.1731151791493,329.9189735875533,220.7064592872735,220.7064592872735,215.81962304245872,224.83416798924497,224.83416798924497,224.83416798924497,224.83416798924497,337.8216096555459,193.1791208351126,299.7351716716472,224.2926167821298,299.7351716716472,570.9044053590651
5.911031845476362,463.3066442310697,152.78953902010525,614.1072354227158,320.7613838849399,320.7613838849399,614.1072354227158,243.06580829937738,243.06580829937738,243.06580829937738,321.79020019956346,236.43717240881483,481.65648398472166,353.62694229859864,236.43717240881483,236.43717240881483,231.91052619419074,240.513324230982,240.513324230982,240.513324230982,240.513324230982,361.28439450378477,207.37723717911348,320.7613838849399,240.08238655668865,320.7613838849399,614.1072354227158
6.64074484928479,494.18832709895855,163.19239304045348,655.5387340987161,340.74217445678744,340.74217445678744,655.5387340987161,257.857567674496,257.857567674496,257.857567674496,341.65698460127726,251.4580603633804,511.57066675742607,376.2722804005808,251.4580603633804,251.4580603633804,247.32286608560173,255.41946185596086,255.41946185596086,255.41946185596086,255.41946185596086,383.58659785618624,220.96477083659454,340.74217445678744,255.09458861345203,340.74217445678744,655.5387340987161
7.4605404447366075,523.3631620176996,173.04002079282748,694.7214939177121,359.4671509266719,359.4671509266719,694.7214939177121,271.6927549592276,271.6927549592276,271.6927549592276,360.2691179658996,265.60755666672077,539.6017099096216,397.6093679608534,265.60755666672077,265.60755666672077,261.8820727686567,269.39703318198275,269.39703318198275,269.39703318198275,269.39703318198275,404.496533292588,233.79016489153747,359.4671509266719,269.17022162000524,359.4671509266719,694.7214939177121
8.381539268677866,550.5451858573177,182.23253923914618,731.264159253083,376.7725944956111,376.7725944956111,731.264159253083,284.45548979307773,284.45548979307773,284.45548979307773,377.46572388587464,278.7559181266914,565.5054564385484,417.44074779977353,278.7559181266914,278.7559181266914,275.44587527622474,282.32458944086113,282.32458944086113,282.32458944086113,282.32458944086113,423.8334488564234,245.73037185458423,376.7725944956111,282.1851410280064,376.7725944956111,731.264159253083
9.416234793278331,575.5207792798533,190.69420158352455,764.8720511576513,392.54482213418305,392.54482213418305,764.8720511576513,296.0670661665547,296.0670661665547,296.0670661665547,393.1354367220831,290.8083597273416,589.1125404952245,435.6219250031124,290.8083597273416,290.8083597273416,287.90804328690166,294.11729249085033,294.11729249085033,294.11729249085033,294.11729249085033,441.47124603022553,256.6940231502104,392.54482213418305,294.0526716079648,392.54482213418305,764.8720511576513
10.578662801651687,598.1518589989159,198.3747101417082,795.3519380428306,406.7206467830522,406.7206467830522,795.3519380428306,306.48598625220427,306.48598625220427,306.48598625220427,407.2168115026416,301.7061644054297,610.329052534373,452.0630818885552,301.7061644054297,301.7061644054297,299.1999706793553,304.7273240634163,304.7273240634163,304.7273240634163,304.7273240634163,457.33906845491913,266.62272025846335,406.7206467830522,304.7240396055139,406.7206467830522,795.3519380428306
11.884591785129816,618.3748332803444,205.2490728755769,822.6110543503838,419.28513809569813,419.28513809569813,822.6110543503838,315.7060470437529,315.7060470437529,315.7060470437529,419.6960788586968,311.4258406837262,629.1331775250464,466.72782026259057,311.4258406837262,311.4258406837262,309.2901518309219,314.1423313360778,314.1423313360778,314.1423313360778,314.1423313360778,471.41896738561604,275.49049709766456,419.28513809569813,314.1867693354467,419.28513809569813,822.6110543503838
13.351736844955687,636.195749477294,211.31613464933173,846.6509172205305,430.2670812180096,430.2670812180096,846.6509172205305,323.75278748011107,323.75278748011107,323.75278748011107,430.6026364069965,319.976546678517,645.5683994215079,479.6292648287885,319.976546678517,319.976546678517,318.18176353589377,322.38218881658406,322.38218881658406,322.38218881658406,322.38218881658406,483.7410608193695,283.30164277226334,430.2670812180096,322.46133712096827,430.2670812180096,846.6509172205305
15.0,651.6823216704329,216.59600735691848,867.556851039978,439.73267184768724,439.73267184768724,867.556851039978,330.6787002121711,330.6787002121711,330.6787002121711,440.00280621012985,327.3961129505511,659.734074952752,490.8240350633841,327.3961129505511,327.3961129505511,325.9086944258271,329.4944596708169,329.4944596708169,329.4944596708169,329.4944596708169,494.3767566874467,290.0871845756611,439.73267184768724,329.59648323111105,439.73267184768724,867.556851039978
