5.000000000000000971e-02,3.901347397382238446e-09
5.617246720102575530e-02,1.672907820478851438e-08
6.310692142900625745e-02,6.667112790429220180e-08
7.089742948257125865e-02,2.470134042202792289e-07
7.964967064493538862e-02,8.510309327720197728e-07
8.948237023750268970e-02,2.727456257052906281e-06
1.005289101447232603e-01,8.134456567304549317e-06
1.129391381571866332e-01,2.258706795347304103e-05
1.268814006769335978e-01,5.842440071801508004e-05
1.425448263589051412e-01,1.408725948568521468e-04
1.601418916664301417e-01,3.168985312667796741e-04
1.799113031428553333e-01,6.657810538470680271e-04
2.021212354977167946e-01,1.308103396892248147e-03
2.270729694325258896e-01,2.407730492534381189e-03
2.551049785537616854e-01,4.161274753433326541e-03
2.865975208125910445e-01,6.773795151574086605e-03
3.219777967548111963e-01,1.042854261376382867e-02
3.617257445533632598e-01,1.526938347158145540e-02
4.063805504338082186e-01,2.142052452231942711e-02
4.565479628075576612e-01,2.906253715505478785e-02
5.129085093300529419e-01,3.856438636463332958e-02
5.762267283493881509e-01,5.064365189973760867e-02
6.473615399712076002e-01,6.650194946596511836e-02
7.272778974247632311e-01,8.786960028990298266e-02
8.170598767824696074e-01,1.168981539634533773e-01
9.179253825967482738e-01,1.558634778161158418e-01
1.031242668938096685e+00,2.066875217753210703e-01
1.158548899944469746e+00,2.703522775248411447e-01
1.301571001658303750e+00,3.463510427706099626e-01
1.462249088009145437e+00,4.323674896115261568e-01
1.642762778718470651e+00,5.243523871934838709e-01
1.845560766132583463e+00,6.170621792786938897e-01
2.073394032061649739e+00,7.049604638099900011e-01
2.329353165215711119e+00,7.832341134808985528e-01
2.616910285453700080e+00,8.486182459100987119e-01
2.939966143553497613e+00,8.997939091072603146e-01
3.302903035417698696e+00,9.372869971419144353e-01
3.710644248503383036e+00,9.629752136415876684e-01
4.168720846874620634e+00,9.794203922802224849e-01
4.683346700825936182e+00,9.892495623648124292e-01
5.261502778863538232e+00,9.947303628711443579e-01
5.911031845476362179e+00,9.975795364157150624e-01
6.640744849284789808e+00,9.989594901499919688e-01
7.460540444736607490e+00,9.995818309577843008e-01
8.381539268677865806e+00,9.998430362975697649e-01
9.416234793278331239e+00,9.999450178732101069e-01
1.057866280165168682e+01,9.999820404109376337e-01
1.188459178512981573e+01,9.999945331029355122e-01
1.335173684495568658e+01,9.999984500877784344e-01
1.500000000000000000e+01,9.999995909485315249e-01
