5.000000000000000971e-02,6.635822438431282153e-04
5.617246720102575530e-02,8.843548538005467120e-04
6.310692142900625745e-02,1.173521960154786260e-03
7.089742948257125865e-02,1.550031359615473142e-03
7.964967064493538862e-02,2.037242340965451058e-03
8.948237023750268970e-02,2.663678598203079138e-03
1.005289101447232603e-01,3.463828244223152945e-03
1.129391381571866332e-01,4.478969024993863929e-03
1.268814006769335978e-01,5.757988757003177499e-03
1.425448263589051412e-01,7.358162397279434733e-03
1.601418916664301417e-01,9.345838467351930134e-03
1.799113031428553333e-01,1.179697939306892894e-02
2.021212354977167946e-01,1.479749342226774865e-02
2.270729694325258896e-01,1.844329097179808752e-02
2.551049785537616854e-01,2.283999641636706018e-02
2.865975208125910445e-01,2.810224833419862692e-02
3.219777967548111963e-01,3.435252784753369676e-02
3.617257445533632598e-01,4.171946653745907396e-02
4.063805504338082186e-01,5.033560279543791705e-02
4.565479628075576612e-01,6.033457835713375988e-02
5.129085093300529419e-01,7.184779466824983696e-02
5.762267283493881509e-01,8.500058069077832956e-02
6.473615399712076002e-01,9.990795830524951127e-02
7.272778974247632311e-01,1.166701266661519243e-01
8.170598767824696074e-01,1.353678204024738874e-01
9.179253825967482738e-01,1.560577258464563577e-01
1.031242668938096685e+00,1.787681618661030036e-01
1.158548899944469746e+00,2.034952448507074685e-01
1.301571001658303750e+00,2.301997588022048347e-01
1.462249088009145437e+00,2.588049397691368769e-01
1.642762778718470651e+00,2.891953582872921480e-01
1.845560766132583463e+00,3.212170442992079988e-01
2.073394032061649739e+00,3.546789475184402574e-01
2.329353165215711119e+00,3.893557647600718319e-01
2.616910285453700080e+00,4.249920977299498914e-01
2.939966143553497613e+00,4.613078342883309979e-01
3.302903035417698696e+00,4.980045779142330264e-01
3.710644248503383036e+00,5.347728887737637216e-01
4.168720846874620634e+00,5.713000499662888032e-01
4.683346700825936182e+00,6.072780380633771014e-01
5.261502778863538232e+00,6.424113608312256307e-01
5.911031845476362179e+00,6.764244286030129949e-01
6.640744849284789808e+00,7.090681492322352675e-01
7.460540444736607490e+00,7.401254784787858476e-01
8.381539268677865806e+00,7.694157151979896803e-01
9.416234793278331239e+00,7.967973997668338360e-01
1.057866280165168682e+01,8.221697498911963997e-01
1.188459178512981573e+01,8.454726449709334402e-01
1.335173684495568658e+01,8.666852432742200296e-01
1.500000000000000000e+01,8.858233804964230629e-01
