5.000000000000000971e-02,7.118081351438611075e-05
5.617246720102575530e-02,9.458001920828641588e-05
6.310692142900625745e-02,1.248123060110479599e-04
7.089742948257125865e-02,1.637058401730029117e-04
7.964967064493538862e-02,2.136253741965374190e-04
8.948237023750268970e-02,2.777042897458505046e-04
1.005289101447232603e-01,3.602073013566593827e-04
1.129391381571866332e-01,4.670906318725579409e-04
1.268814006769335978e-01,6.068503810423154631e-04
1.425448263589051412e-01,7.917759828531109514e-04
1.601418916664301417e-01,1.039750318638880998e-03
1.799113031428553333e-01,1.376754912945388556e-03
2.021212354977167946e-01,1.840238556702502356e-03
2.270729694325258896e-01,2.483479035313462032e-03
2.551049785537616854e-01,3.380997463382699568e-03
2.865975208125910445e-01,4.634961239486097562e-03
3.219777967548111963e-01,6.382327773603774929e-03
3.617257445533632598e-01,8.802239113081576985e-03
4.063805504338082186e-01,1.212289350033889102e-02
4.565479628075576612e-01,1.662682717895399426e-02
5.129085093300529419e-01,2.265328987205840819e-02
5.762267283493881509e-01,3.059625605911263715e-02
6.473615399712076002e-01,4.089665255458149046e-02
7.272778974247632311e-01,5.402766317046837213e-02
8.170598767824696074e-01,7.047252926820114782e-02
9.179253825967482738e-01,9.069509282137595829e-02
1.031242668938096685e+00,1.151043618670090640e-01
1.158548899944469746e+00,1.440154932699162504e-01
1.301571001658303750e+00,1.776106120757800499e-01
1.462249088009145437e+00,2.159036238131253338e-01
1.642762778718470651e+00,2.587134415364689133e-01
1.845560766132583463e+00,3.056497118010230718e-01
2.073394032061649739e+00,3.561139123170956600e-01
2.329353165215711119e+00,4.093183012872924076e-01
2.616910285453700080e+00,4.643207322032523177e-01
2.939966143553497613e+00,5.200743006734787066e-01
3.302903035417698696e+00,5.754869130467972216e-01
3.710644248503383036e+00,6.294852793648717526e-01
4.168720846874620634e+00,6.810771209540171789e-01
4.683346700825936182e+00,7.294056222285695279e-01
5.261502778863538232e+00,7.737911914146137216e-01
5.911031845476362179e+00,8.137572496100885511e-01
6.640744849284789808e+00,8.490387666991594529e-01
7.460540444736607490e+00,8.795742875065527544e-01
8.381539268677865806e+00,9.054839415548133763e-01
9.416234793278331239e+00,9.270371757776708632e-01
1.057866280165168682e+01,9.446145686924152240e-01
1.188459178512981573e+01,9.586680703019132554e-01
1.335173684495568658e+01,9.696834601920584218e-01
1.500000000000000000e+01,9.781478931305790381e-01
