5.000000000000000971e-02,1.011639036427451274e-03
5.617246720102575530e-02,1.553327003157645766e-03
6.310692142900625745e-02,2.337112574077216450e-03
7.089742948257125865e-02,3.450085350592743509e-03
7.964967064493538862e-02,5.003965238239459386e-03
8.948237023750268970e-02,7.141073391939171608e-03
1.005289101447232603e-01,1.004181745773789769e-02
1.129391381571866332e-01,1.393371006193915018e-02
1.268814006769335978e-01,1.910143551342495180e-02
1.425448263589051412e-01,2.589670838843402892e-02
1.601418916664301417e-01,3.474571091142834856e-02
1.799113031428553333e-01,4.615095136613578397e-02
2.021212354977167946e-01,6.068375665168625893e-02
2.270729694325258896e-01,7.896365359658576166e-02
2.551049785537616854e-01,1.016219144065792918e-01
2.865975208125910445e-01,1.292486813505030474e-01
3.219777967548111963e-01,1.623262043566975898e-01
3.617257445533632598e-01,2.011543483205607552e-01
4.063805504338082186e-01,2.457778866739958323e-01
4.565479628075576612e-01,2.959272821298061795e-01
5.129085093300529419e-01,3.509848445623161561e-01
5.762267283493881509e-01,4.099858843088179938e-01
6.473615399712076002e-01,4.716598407984987640e-01
7.272778974247632311e-01,5.345100821603033792e-01
8.170598767824696074e-01,5.969243738091289941e-01
9.179253825967482738e-01,6.573023624080267524e-01
1.031242668938096685e+00,7.141831222698326043e-01
1.158548899944469746e+00,7.663556558646265060e-01
1.301571001658303750e+00,8.129382793170740751e-01
1.462249088009145437e+00,8.534183510327547628e-01
1.642762778718470651e+00,8.876505529990186272e-01
1.845560766132583463e+00,9.158184388802013132e-01
2.073394032061649739e+00,9.383689299017973218e-01
2.329353165215711119e+00,9.559320633077713625e-01
2.616910285453700080e+00,9.692383996289242187e-01
2.939966143553497613e+00,9.790444751655169586e-01
3.302903035417698696e+00,9.860733336097191604e-01
3.710644248503383036e+00,9.909734015286767450e-01
4.168720846874620634e+00,9.942955879371895289e-01
4.683346700825936182e+00,9.964860159028927633e-01
5.261502778863538232e+00,9.978904355966159434e-01
5.911031845476362179e+00,9.987660418941498586e-01
6.640744849284789808e+00,9.992968615436552682e-01
7.460540444736607490e+00,9.996097534250600880e-01
8.381539268677865806e+00,9.997890758697461910e-01
9.416234793278331239e+00,9.998889959247743153e-01
1.057866280165168682e+01,9.999431253749295756e-01
1.188459178512981573e+01,9.999716331553061277e-01
1.335173684495568658e+01,9.999862289755367950e-01
1.500000000000000000e+01,9.999934936462018253e-01
