5.000000000000000971e-02,2.687693026316831965e-04
5.617246720102575530e-02,4.040147249186859090e-04
6.310692142900625745e-02,6.016133263148543435e-04
7.089742948257125865e-02,8.874725890780769434e-04
7.964967064493538862e-02,1.296877492679758418e-03
8.948237023750268970e-02,1.877219264097952341e-03
1.005289101447232603e-01,2.691209440218749870e-03
1.129391381571866332e-01,3.820525579703004746e-03
1.268814006769335978e-01,5.369758615642384811e-03
1.425448263589051412e-01,7.470434754632774427e-03
1.601418916664301417e-01,1.028477189925647642e-02
1.799113031428553333e-01,1.400871184574002844e-02
2.021212354977167946e-01,1.887366065100051782e-02
2.270729694325258896e-01,2.514629143890066004e-02
2.551049785537616854e-01,3.312574152716227238e-02
2.865975208125910445e-01,4.313759895227205904e-02
3.219777967548111963e-01,5.552426807578994539e-02
3.617257445533632598e-01,7.063173020790648737e-02
4.063805504338082186e-01,8.879358729170841458e-02
4.565479628075576612e-01,1.103148467183630022e-01
5.129085093300529419e-01,1.354598017307808155e-01
5.762267283493881509e-01,1.644481031031005958e-01
6.473615399712076002e-01,1.974557053980693921e-01
7.272778974247632311e-01,2.346008899796981351e-01
8.170598767824696074e-01,2.758831481530030771e-01
9.179253825967482738e-01,3.210631645853727623e-01
1.031242668938096685e+00,3.695359950944137606e-01
1.158548899944469746e+00,4.203056742098599252e-01
1.301571001658303750e+00,4.721341903007560958e-01
1.462249088009145437e+00,5.238071011553232514e-01
1.642762778718470651e+00,5.743543424982596735e-01
1.845560766132583463e+00,6.231050481248435746e-01
2.073394032061649739e+00,6.695967726882238180e-01
2.329353165215711119e+00,7.134532784187945786e-01
2.616910285453700080e+00,7.543226292288309764e-01
2.939966143553497613e+00,7.918851236406040384e-01
3.302903035417698696e+00,8.258920385712272827e-01
3.710644248503383036e+00,8.561984268125557573e-01
4.168720846874620634e+00,8.827761287248159228e-01
4.683346700825936182e+00,9.057091914435506652e-01
5.261502778863538232e+00,9.251783111921700886e-01
5.911031845476362179e+00,9.414397704319780180e-01
6.640744849284789808e+00,9.548024748929635486e-01
7.460540444736607490e+00,9.656054843455174064e-01
8.381539268677865806e+00,9.741977008794813209e-01
9.416234793278331239e+00,9.809208187809100865e-01
1.057866280165168682e+01,9.860961327036117385e-01
1.188459178512981573e+01,9.900153458771048243e-01
1.335173684495568658e+01,9.929351476943926169e-01
1.500000000000000000e+01,9.950750627561608663e-01
