SA(0.3s),RES1,RES2,RES3,RES4,RES5,RES6,COM1,COM2,COM3,COM4,COM5,COM6,COM7,COM8,COM9,COM10,IND1,IND2,IND3,IND4,IND5,IND6
0.05000000000000001,0.0011219133618975633,0.0003594840575910456,0.0012252836503945223,0.0005938415712010735,0.0005938415712010735,0.0012252836503945223,0.0009147113221592853,0.000914040624796254,0.000914040624796254,0.0017499837152625479,0.0017453482442969942,0.0009141511850097721,0.0009091031756913452,0.0017458638212204676,0.0017433534584113273,0.0011206376981191363,0.00047547554129437336,0.0004920609562326793,0.0004920609562326793,0.0004920609562326793,0.0004920609562326793,0.0009104305549839578
0.056172467201025755,0.002212090199690855,0.0007050898417633051,0.0024242065572334702,0.0011693439596145228,0.0011693439596145228,0.0024242065572334702,0.0018006686887100034,0.0017991745425001125,0.0017991745425001125,0.0034220063574508853,0.0034112150619504972,0.0017994162653639863,0.0017874901552296621,0.003412310932564344,0.0034062610584343635,0.0021992681587638843,0.0009459447083682487,0.0009781068931474471,0.0009781068931474471,0.0009781068931474471,0.0009781068931474471,0.0017906114140529951
0.06310692142900626,0.004263441810881262,0.0013510879234383323,0.004690327882855856,0.0022502434834732942,0.0022502434834732942,0.004690327882855856,0.003464038919270229,0.0034607954309898853,0.0034607954309898853,0.006533229666313172,0.006508736601076645,0.0034613092555300217,0.003433866900035686,0.006510990719320636,0.006496774631847125,0.004216055773549736,0.0018411156525774488,0.001901931918705498,0.001901931918705498,0.001901931918705498,0.001901931918705498,0.003441006606355075
0.07089742948257126,0.008034907662565528,0.002530105486181867,0.008877708910518013,0.004233168860955893,0.004233168860955893,0.008877708910518013,0.006514222630054481,0.0065073616546838025,0.0065073616546838025,0.012180462456488234,0.012126263993715986,0.006508423197863718,0.006446923074302858,0.012130743886992888,0.012098170802999953,0.007897010672424206,0.0035068924384898284,0.003619032497146686,0.003619032497146686,0.003619032497146686,0.003619032497146686,0.006462808486372149
0.07964967064493539,0.014812428327672674,0.004632005833313238,0.016445135611049422,0.007787438168231332,0.007787438168231332,0.016445135611049422,0.011978869639622757,0.011964727497219472,0.011964727497219472,0.02218126996410582,0.022064349907985312,0.011966858089691286,0.011832628216981342,0.02207293443491428,0.022000155553447854,0.014456772626138977,0.006539444020437299,0.006741085953070155,0.006741085953070155,0.006741085953070155,0.006741085953070155,0.011867001840017277
0.08948237023750269,0.026722102418252767,0.008293809480816844,0.029826179531162025,0.014014290712032001,0.014014290712032001,0.029826179531162025,0.021547433874484278,0.021519028411894736,0.021519028411894736,0.039464288838506466,0.03921840345557756,0.021523180573255314,0.021237864864857722,0.039234217607784144,0.03907563925403743,0.02587424811665623,0.011942285189935111,0.012295869375047584,0.012295869375047584,0.012295869375047584,0.012295869375047584,0.021310190005580272
0.10052891014472326,0.04719540215687497,0.014530916728309438,0.05298760849441616,0.02468080864516969,0.02468080864516969,0.05298760849441616,0.037928414221980136,0.03787281774093157,0.03787281774093157,0.06861784299543253,0.068113761257789,0.037880669626116935,0.03729007689984212,0.0681416483776125,0.06780467110058944,0.04528966989315669,0.02136540345592552,0.021970062446090635,0.021970062446090635,0.021970062446090635,0.021970062446090635,0.03743802303435478
0.11293913815718663,0.0816411824245527,0.02492335193027149,0.09224994316202607,0.04255319152509768,0.04255319152509768,0.09224994316202607,0.06535741792419483,0.0652513820193532,0.0652513820193532,0.11663161668220974,0.11562427662985686,0.06526577791891236,0.0640753132826308,0.11567104574477682,0.11497264664026727,0.07755764756617686,0.03745892544550811,0.03846736306932133,0.03846736306932133,0.03846736306932133,0.03846736306932133,0.06436945922739444
0.1268814006769336,0.1383895321874068,0.04187313532335575,0.15746138630768863,0.07185696180499718,0.07185696180499718,0.15746138630768863,0.11029730317646483,0.1101002333274318,0.1101002333274318,0.19385899036682105,0.19189680593849898,0.11012579591722332,0.1077891762220494,0.1919706093647165,0.19055877595731738,0.12999139867201065,0.06438064516492431,0.06602095342520169,0.06602095342520169,0.06602095342520169,0.06602095342520169,0.10835742490831804
0.14254482635890514,0.22998027961481365,0.06895098545720461,0.2636319467369479,0.11889221841075442,0.11889221841075442,0.2636319467369479,0.18237206884471258,0.18201516570824344,0.18201516570824344,0.31521198420115715,0.3114865825188165,0.1820590655831114,0.17759350143716632,0.3115940735368412,0.30881005077918433,0.21332918924202757,0.1085013780051983,0.11110369122296812,0.11110369122296812,0.11110369122296812,0.11110369122296812,0.178659784942363
0.16014189166643014,0.3748712418343676,0.11135208061371649,0.4331440708325176,0.19282858478648868,0.19282858478648868,0.4331440708325176,0.29557041613209817,0.29494055502109173,0.29494055502109173,0.5015752503462102,0.4946814916427228,0.29501333231699506,0.2867042921041771,0.4948202201508438,0.48946463184741223,0.34294327142634506,0.17935175078736973,0.1833786877029005,0.1833786877029005,0.1833786877029005,0.1833786877029005,0.28864683593347673
0.17991130314285533,0.5996340031602557,0.1764810919971625,0.6986530318912181,0.30669501295325385,0.30669501295325385,0.6986530318912181,0.4697400520053647,0.46865686177127885,0.46865686177127885,0.7813902617286398,0.7689574924823137,0.46877302546238053,0.45372165380806706,0.7690991383879346,0.7590477699167336,0.540292664295423,0.2908448508414675,0.29692339923160566,0.29692339923160566,0.29692339923160566,0.29692339923160566,0.457155571208779
0.2021212354977168,0.9416826872332811,0.27468528453754903,1.1067658001967389,0.47856184572163585,0.47856184572163585,1.1067658001967389,0.7323665484079556,0.7305513194940569,0.7305513194940569,1.1923176255518837,1.1704658653650344,0.730729172458475,0.7041885925209013,1.170523238904094,1.1521168467147622,0.8345927758402867,0.46278652943688664,0.47173750419971167,0.47173750419971167,0.47173750419971167,0.47173750419971167,0.7100746294903848
0.2270729694325259,1.4525372307885482,0.4201496368967328,1.722530026926158,0.7328842675244791,0.7328842675244791,1.722530026926158,1.1205877126179058,1.1176233866904621,1.1176233866904621,1.7828380322457367,1.7454107566031705,1.117883116450999,1.0723313817377567,1.7451779849527433,1.7122865223993005,1.2646365236641612,0.7226444643067903,0.7355041752791909,0.7355041752791909,0.7355041752791909,0.7355041752791909,1.082105495882504
0.2551049785537617,2.2015499235011164,0.6319572314487034,2.634663143706906,1.1019358198695355,1.1019358198695355,2.634663143706906,1.6833336454531946,1.6786163888304326,1.6786163888304326,2.613605903595538,2.551139292395182,1.6789749249181245,1.6028894619602685,2.550190476185059,2.4928292486758705,1.8806535337508268,1.107485079610347,1.1255127713126187,1.1255127713126187,1.1255127713126187,1.1255127713126187,1.6185945808237467
0.28659752081259104,3.2799164002997765,0.935298273252798,3.9612953812522287,1.6272078143473563,1.6272078143473563,3.9612953812522287,2.4834038413993635,2.476088693551503,2.476088693551503,3.7583301491791032,3.6567431490870215,2.476549204550653,2.352888517048857,3.6542706018043054,3.556630383870871,2.7460376068473042,1.6659042320222133,1.6905686830192137,1.6905686830192137,1.6905686830192137,1.6905686830192137,2.3772684949570286
0.3219777967548112,4.804647717896246,1.3627782715195227,5.880705080237,2.3605877563621434,2.3605877563621434,5.880705080237,3.5991997122985295,3.5881455008272694,3.5881455008272694,5.303929212522659,5.14296526959554,3.5886787911145914,3.3931494653004424,5.137535329389878,4.975289488854331,3.9387111092452685,2.4596790874736896,2.492618944952666,2.492618944952666,2.492618944952666,2.492618944952666,3.42963524992056
0.36172574455336326,6.922004309384118,2.054949602139463,8.909944946981664,3.3650639519179713,3.3650639519179713,8.909944946981664,5.125733785925684,5.109455659186439,5.109455659186439,7.349697782131756,7.101221002896905,5.109970305650965,4.80926435240157,7.090424927125991,6.827205349644012,5.551834058132065,3.564768562853316,3.6077238352324397,3.6077238352324397,3.6077238352324397,3.6077238352324397,4.861745286059684
0.4063805504338082,10.105858708555017,3.0576589454502825,13.250012392558968,4.714646257208464,4.714646257208464,13.250012392558968,7.174453310312904,7.151094325733672,7.151094325733672,10.005234775278563,9.631578710835463,7.151392416635345,6.7017167688078665,9.611560300621424,9.194561958288707,7.693514881747364,5.071210464899195,5.125927067738373,5.125927067738373,5.125927067738373,5.125927067738373,6.77395097295622
0.45654796280755766,14.71542382295775,4.4690113690406585,19.338883107542806,6.493161849855623,6.493161849855623,19.338883107542806,9.871371853583653,9.8387072651684,9.8387072651684,13.386921637363823,12.839597872256576,9.838423351822374,9.184792457656048,12.804450205669767,12.159240314152541,10.48515300168333,7.081434437953228,7.149549293016886,7.149549293016886,7.149549293016886,7.149549293016886,9.279279073009373
0.5129085093300529,21.03334370395983,6.415066252397879,27.70071774184933,8.791601156406902,8.791601156406902,27.70071774184933,13.353029052661519,13.308517281998643,13.308517281998643,17.61281330752439,16.831989552564643,13.307039884030008,12.451999342093,16.773031908269406,15.797805483660964,14.058058471280887,9.706562599825217,9.789482541340368,9.789482541340368,9.789482541340368,9.789482541340368,12.500058175234674
0.5762267283493882,29.508299766588465,9.042314824765533,38.93680482372827,11.703773599708569,11.703773599708569,38.93680482372827,17.759926793092674,17.700818599175097,17.700818599175097,22.795919462694943,21.71114327073107,17.697196443670798,17.347367620781235,21.616116005318023,20.175845475256025,18.548070751352597,13.060429801928784,13.15922209257754,13.15922209257754,13.15922209257754,13.15922209257754,16.562542119314248
0.6473615399712076,40.629399004929276,12.513029206623642,53.70339515868351,15.699474314105974,15.699474314105974,53.70339515868351,23.681499384338775,23.633809393828617,23.633809393828617,29.036018068111865,27.56865735955358,23.595522450939818,23.728847266164053,27.42090504879197,25.34205274727102,24.958320859512618,17.25133192115012,17.366646071502313,17.366646071502313,17.366646071502313,17.366646071502313,21.589454108654273
0.7272778974247632,54.89806674456989,16.996740096861934,72.67403669417641,21.03211875349521,21.03211875349521,72.67403669417641,31.71572243067617,31.655416158238143,31.655416158238143,36.41035820708799,34.478120623496366,31.60137066451987,31.867434148409046,34.25586751196797,31.32252638094281,33.43343864720225,22.371886499119682,22.50392516512761,22.50392516512761,22.50392516512761,22.50392516512761,27.690643999861273
0.8170598767824696,72.7880376554361,22.6575527238883,96.48587874344824,27.64659335974425,27.64659335974425,96.48587874344824,41.67850396883033,41.60419255704374,41.60419255704374,44.96386347002027,42.54820499766443,41.529473986343106,42.016920375919966,42.16337342115076,38.11582155129982,43.97026156628128,28.582159235776835,28.659162795254645,28.659162795254645,28.659162795254645,28.659162795254645,35.26340060595945
0.9179253825967483,94.69517496687963,29.637708351210964,125.6722738970825,35.658595786256456,35.658595786256456,125.6722738970825,53.743355963207705,53.654126797879826,53.654126797879826,55.970598373322744,54.52534610139001,53.552984973831315,54.38694883583402,53.475741994239144,45.689274451132164,56.772041281433346,37.1510291537347,37.24650752337201,37.24650752337201,37.24650752337201,37.24650752337201,45.95920928334009
1.0312426689380967,120.88149181175226,38.038705477949776,160.58756118211176,45.13078216878036,45.13078216878036,160.58756118211176,68.00395425229848,67.89955031128147,67.89955031128147,70.35498906499794,68.64983643586135,67.76552128041939,69.11318865705957,67.27225959282913,54.22956809077945,71.9629057134782,47.369533460103696,47.4868568697691,47.4868568697691,47.4868568697691,47.4868568697691,58.79739163906285
1.1585488999444697,151.4204030566558,47.90224411952175,201.33347800658495,56.055243044018994,56.055243044018994,201.33347800658495,84.44782909997186,84.32879097191491,84.32879097191491,86.86244612172743,84.92135866186746,84.15491965884385,86.22836793218391,83.15049104685131,66.54219288291101,89.55876645285086,59.2589474067318,59.40178172435991,59.40178172435991,59.40178172435991,59.40178172435991,73.84157314025555
1.3015710016583038,186.1521518517403,59.193991878893605,247.69921587342753,68.34053039099939,68.34053039099939,247.69921587342753,102.9369069066315,102.80465110084356,102.80465110084356,105.34806591317144,103.22237138571225,102.5838111964801,105.63889318091253,100.99238677977795,80.26195634371346,109.44448193711972,72.74998797725773,72.92217675331753,72.92217675331753,72.92217675331753,72.92217675331753,91.04320912178906
1.4622490880091454,224.6587239613664,71.79340541513392,299.127623021897,81.80627584280796,81.80627584280796,299.127623021897,123.19946838377852,123.05628153630994,123.05628153630994,125.5381022706282,123.30883334913291,122.78157228116683,127.1119607414209,120.5572135122248,95.18589547327808,131.36225947136893,87.67273354376151,87.8781240022622,87.8781240022622,87.8781240022622,87.8781240022622,110.22466270152083
1.6427627787184707,266.2658055858907,85.49235786314915,354.71769263848637,96.1876437961847,96.1876437961847,354.71769263848637,144.83689034923407,144.6858296702766,144.6858296702766,147.0370135060503,144.8143871671948,144.35101294810698,150.27711674338912,141.48600275395984,111.02719181109944,154.91520780544477,103.75661421385415,103.99883651159553,103.99883651159553,103.99883651159553,103.99883651159553,131.07449314985308
1.8455607661325835,310.07541090618054,100.00408036632433,413.2681999316733,111.15036276307154,111.15036276307154,413.2681999316733,167.34628253776373,167.1909867074056,167.1909867074056,169.34977909893985,167.2693890720327,166.7909161522939,174.6441259427276,163.32038038182142,127.43133124418647,179.5877148105812,120.64225407223479,120.9244743097386,120.9244743097386,120.9244743097386,120.9244743097386,153.15793023664253
2.0733940320616497,355.02736540122515,114.98212430240798,473.3600542462476,126.31514147844423,126.31514147844423,473.3600542462476,190.1572198730518,190.00164900123076,190.00164900123076,191.91773614381776,190.1334934819601,189.5326390530287,199.63611939622785,185.53446888483,144.00134590891489,204.78130638349813,137.9050379568352,138.22971416330296,138.22971416330296,138.22971416330296,138.22971416330296,175.94314821873206
2.329353165215711,399.9821658742022,130.04711056767383,533.4673374269792,141.28836867477384,141.28836867477384,533.4673374269792,212.6779045601013,212.52603983523738,212.52603983523738,214.16341606356755,212.83778036437917,211.9861284937688,224.63399391864309,207.57592352766346,160.32896048865564,229.8615634774258,155.08805445401515,155.45672844157713,155.45672844157713,155.45672844157713,155.45672844157713,198.84102916674755
2.6169102854537,443.81338943687797,144.81747491664723,592.0811713977946,155.6946461877207,155.6946461877207,592.0811713977946,234.34406641830293,234.19960708671442,234.19960708671442,235.53790196555696,234.83040582255052,233.5886806828584,249.02575419381554,228.91023514328998,176.0271702807357,254.2093822167302,171.74007652757223,172.1532316358908,172.1532316358908,172.1532316358908,172.1532316358908,221.25332273409919
2.9399661435534976,485.49604988689,158.9396856363199,647.8281809018587,169.2063206872609,169.2063206872609,647.8281809018587,254.6633348476151,254.5294306349927,254.5294306349927,255.5636741749501,255.61906349976556,253.84919908573988,272.25358716932146,249.06178541014498,190.75946240377067,277.26903407176036,187.4530463050507,187.91005191145626,187.91005191145626,187.91005191145626,187.91005191145626,242.62224128522143
3.3029030354176987,524.1785948846475,172.11369777383584,699.5670519517852,181.56588442997742,181.56588442997742,699.5670519517852,273.24887847966966,273.12792938147305,273.12792938147305,273.8669507200033,274.8043758710852,272.38176158403417,293.8521896353187,267.64597331861944,204.2616669870723,298.5863609998959,201.8935176307176,202.3926679149326,202.3926679149326,202.3926679149326,202.3926679149326,262.4741484428971
3.710644248503383,559.2301338643562,184.11059297768793,746.451906509762,192.59869641522317,192.59869641522317,746.451906509762,289.8384872261821,289.7320311315634,289.7320311315634,290.1958480501526,292.1004179342455,288.92467789454736,313.4739688340958,284.38877407138943,216.35405779050205,317.832730133395,214.82372975921407,215.36236974576312,215.36236974576312,215.36236974576312,215.36236974576312,280.45125337793763
4.168720846874621,590.2597472364378,194.78104724288607,787.9582621512052,202.2154589194834,202.2154589194834,787.9582621512052,304.2982541194149,304.2069484788627,304.2069484788627,304.42358960386855,307.3412627646061,303.3441915713205,330.89952958502346,299.13271012185476,226.9433166585126,334.81335919760204,226.11011379884638,226.68483343228405,226.68483343228405,226.68483343228405,226.68483343228405,296.327761789255
4.683346700825936,617.1098355979149,204.05497481801262,823.8741912481154,210.40571726039013,210.40571726039013,823.8741912481154,316.61276903160234,316.53645867444374,316.53645867444374,316.5386631764081,320.4749590849138,315.624728141084,346.0345381213132,311.83065940016644,236.01576927370007,349.4614526127772,235.71947805583966,236.32634739968933,236.32634739968933,236.32634739968933,236.32634739968933,310.0100292968149
5.261502778863538,639.8291858713479,211.9339967450881,854.2642800326671,217.22489762500874,217.22489762500874,854.2642800326671,326.865609041421,326.80346096061726,326.80346096061726,326.6256349752094,331.54809761470506,325.8494596977049,358.89596410223874,322.53060914004203,243.6244634362743,361.82157798985213,243.70523015403137,244.34004668569992,244.34004668569992,244.34004668569992,244.34004668569992,321.5230745539387
5.911031845476362,658.6331757259275,218.47906337366564,879.4163308187556,222.777871391698,222.777871391698,879.4163308187556,335.2146195615419,335.16529879603377,335.16529879603377,334.8409978007782,340.68483399195065,334.17566562784566,369.59155982973846,331.35513485706923,249.87303396427038,372.0265616178518,250.18728947303066,250.84581132981748,250.84581132981748,250.84581132981748,250.84581132981748,330.98768017078635
6.64074484928479,673.8584337516801,223.79563780786356,899.7806170154897,227.20180944659592,227.20180944659592,899.7806170154897,341.8661396075096,341.82799886170574,341.82799886170574,341.38807883888774,348.0640146320552,340.8090314308444,378.2963323926059,338.4791479639441,254.89898932725174,380.27199057045505,255.32964571254627,256.00779105698876,256.00779105698876,256.00779105698876,256.00779105698876,338.5929572417921
7.4605404447366075,685.9179278718384,228.0184989183166,915.9097020439749,230.6504172680111,230.6504172680111,915.9097020439749,347.0513113295731,347.02257010863343,347.02257010863343,346.49403250541957,353.8972396967407,345.9800188193534,385.22904199332424,344.10864868691897,258.8583431364661,386.79154618481846,259.31896472009714,260.0129652091065,260.0129652091065,260.0129652091065,260.0129652091065,344.5687925470769
8.381539268677866,695.2606081732874,231.29767659662227,928.4043599718286,233.2808174962082,233.2808174962082,928.4043599718286,351.0063742047556,350.9852696000732,350.9852696000732,350.3907332995983,358.4096895262393,349.9242049424315,390.6308149485276,348.4622303187483,261.9127056706875,391.835291527676,262.34657376816347,263.0530777368134,263.0530777368134,263.0530777368134,263.0530777368134,349.16143032898174
9.416234793278331,702.3379645932303,233.78647419713,937.8687674186996,235.24360429115106,235.24360429115106,937.8687674186996,353.95772834148704,353.9426273846685,353.9426273846685,353.30030328624395,361.82463569689475,352.8673758668491,394.74708937442256,351.7561972777372,264.21926960403863,395.65202565714924,264.59496607213975,265.31109334959876,265.31109334959876,265.31109334959876,265.31109334959876,352.6140367775963
10.578662801651687,707.5784714754086,235.63206460313688,944.876271913818,236.67605233076358,236.67605233076358,944.876271913818,356.1117382906858,356.1012093143587,356.1012093143587,355.4252294002506,364.3518944019455,355.015348153117,397.8134500930792,354.19351733259407,265.9236645701161,398.4760602563966,266.2289531309851,266.9523078726331,266.9523078726331,266.9523078726331,266.9523078726331,355.15283820173437
11.884591785129816,711.3699248234585,236.96879166380708,949.9457432470443,237.6981380261653,237.6981380261653,949.9457432470443,357.6487610275658,357.6416074807751,357.6416074807751,356.94256415546397,366.180060849945,356.54800513474584,400.045457061556,355.9564283270646,267.1554041376327,400.5182810205688,267.3909170272963,268.1195675257099,268.1195675257099,268.1195675257099,268.1195675257099,356.97852026002806
13.351736844955687,714.049045032098,237.9140512885561,953.5276634001305,238.4108757397018,238.4108757397018,953.5276634001305,358.7206502783839,358.71591430359337,358.71591430359337,358.0014881150293,367.4721219310894,357.6168027534784,401.63226559774006,357.2022942748562,268.0255396065128,401.9610608043382,268.1992839947683,268.93171935579085,268.93171935579085,268.93171935579085,268.93171935579085,358.2620616013023
15.0,715.8973099455332,238.5664428955767,955.9985632124717,238.89642654854197,238.89642654854197,955.9985632124717,359.4509222343422,359.4478669680027,359.4478669680027,358.7234521073158,368.3639080506767,358.34493211848167,402.7336158129648,358.0621820921234,268.62609910665736,402.9564190986962,268.74927679559653,269.48434999182916,269.48434999182916,269.48434999182916,269.48434999182916,359.1439775924232
