5.000000000000000971e-02,3.254936075287615812e-07
5.617246720102575530e-02,5.838550660874793233e-07
6.310692142900625745e-02,1.029140966786823066e-06
7.089742948257125865e-02,1.783156232114316815e-06
7.964967064493538862e-02,3.038226058674615006e-06
8.948237023750268970e-02,5.093084786147382111e-06
1.005289101447232603e-01,8.405011991587857783e-06
1.129391381571866332e-01,1.366539944475051582e-05
1.268814006769335978e-01,2.190974758951943046e-05
1.425448263589051412e-01,3.467942968292657299e-05
1.601418916664301417e-01,5.426298431341558878e-05
1.799113031428553333e-01,8.406136314698520043e-05
2.021212354977167946e-01,1.291471538824562045e-04
2.270729694325258896e-01,1.971251457732749418e-04
2.551049785537616854e-01,2.994528170717513683e-04
2.865975208125910445e-01,4.534442827577972695e-04
3.219777967548111963e-01,6.852553687912884802e-04
3.617257445533632598e-01,1.034218936501944729e-03
4.063805504338082186e-01,1.558946415927414328e-03
4.565479628075576612e-01,2.345599740612451869e-03
5.129085093300529419e-01,3.518621971957894799e-03
5.762267283493881509e-01,5.253942355745375159e-03
6.473615399712076002e-01,7.794193246758514271e-03
7.272778974247632311e-01,1.146476361270568761e-02
8.170598767824696074e-01,1.668858191016935749e-02
9.179253825967482738e-01,2.399645626628596831e-02
1.031242668938096685e+00,3.402878441404355581e-02
1.158548899944469746e+00,4.752377080168895124e-02
1.301571001658303750e+00,6.528733891730700845e-02
1.462249088009145437e+00,8.814112238238262786e-02
1.642762778718470651e+00,1.168475925567977608e-01
1.845560766132583463e+00,1.520156057083901502e-01
2.073394032061649739e+00,1.939950449581896441e-01
2.329353165215711119e+00,2.427748154798665681e-01
2.616910285453700080e+00,2.811082613229559657e-01
2.939966143553497613e+00,3.061487768273332133e-01
3.302903035417698696e+00,3.348408599220308313e-01
3.710644248503383036e+00,3.671421595251197489e-01
4.168720846874620634e+00,4.028616279137715583e-01
4.683346700825936182e+00,4.416520565651853580e-01
5.261502778863538232e+00,4.830141293675290215e-01
5.911031845476362179e+00,5.263128129197586214e-01
6.640744849284789808e+00,5.708055302997003810e-01
7.460540444736607490e+00,6.156801506097761001e-01
8.381539268677865806e+00,6.600995872008574850e-01
9.416234793278331239e+00,7.032489318456779381e-01
1.057866280165168682e+01,7.443807043953772906e-01
1.188459178512981573e+01,7.828540276481211757e-01
1.335173684495568658e+01,8.181643087461747399e-01
1.500000000000000000e+01,8.499611953642041140e-01
