5.000000000000000971e-02,3.124566766779435113e-06
5.617246720102575530e-02,6.926502722189307640e-06
6.310692142900625745e-02,1.468179635785159252e-05
7.089742948257125865e-02,2.977920903200067339e-05
7.964967064493538862e-02,5.785460092361598784e-05
8.948237023750268970e-02,1.077963296753403134e-04
1.005289101447232603e-01,1.929466279612824392e-04
1.129391381571866332e-01,3.325063974476005920e-04
1.268814006769335978e-01,5.533077211305969210e-04
1.425448263589051412e-01,8.924921904705468249e-04
1.601418916664301417e-01,1.402284655419035186e-03
1.799113031428553333e-01,2.158942515631866697e-03
2.021212354977167946e-01,3.278866149882226928e-03
2.270729694325258896e-01,4.945298276170313062e-03
2.551049785537616854e-01,7.448288172687524827e-03
2.865975208125910445e-01,1.123781159476589311e-02
3.219777967548111963e-01,1.698452448135774617e-02
3.617257445533632598e-01,2.563480269381429935e-02
4.063805504338082186e-01,3.843812661859135477e-02
4.565479628075576612e-01,5.691889399570080471e-02
5.129085093300529419e-01,8.276599529706113456e-02
5.762267283493881509e-01,1.176007120614854795e-01
6.473615399712076002e-01,1.627161639492839540e-01
7.272778974247632311e-01,2.187688702822546682e-01
8.170598767824696074e-01,2.854263630205692293e-01
9.179253825967482738e-01,3.612091995658649468e-01
1.031242668938096685e+00,4.435081793241786863e-01
1.158548899944469746e+00,5.288280219927393722e-01
1.301571001658303750e+00,6.132266869058071723e-01
1.462249088009145437e+00,6.928603018384620338e-01
1.642762778718470651e+00,7.645096002885890529e-01
1.845560766132583463e+00,8.259687070363691541e-01
2.073394032061649739e+00,8.762193891516035782e-01
2.329353165215711119e+00,9.153769638234833250e-01
2.616910285453700080e+00,9.444543451973075321e-01
2.939966143553497613e+00,9.650282454470195947e-01
3.302903035417698696e+00,9.788978084751209785e-01
3.710644248503383036e+00,9.878054400622893194e-01
4.168720846874620634e+00,9.932553341203782526e-01
4.683346700825936182e+00,9.964316009141517272e-01
5.261502778863538232e+00,9.981949116556265711e-01
5.911031845476362179e+00,9.991273200399534149e-01
6.640744849284789808e+00,9.995969260074561991e-01
7.460540444736607490e+00,9.998221930853938844e-01
8.381539268677865806e+00,9.999251099855872571e-01
9.416234793278331239e+00,9.999698906030478618e-01
1.057866280165168682e+01,9.999884472122179124e-01
1.188459178512981573e+01,9.999957704665880520e-01
1.335173684495568658e+01,9.999985227887655537e-01
1.500000000000000000e+01,9.999995078825010264e-01
