5.000000000000000971e-02,3.509915047600483790e-07
5.617246720102575530e-02,8.886622944170614222e-07
6.310692142900625745e-02,2.159350818605308510e-06
7.089742948257125865e-02,5.036956462334301932e-06
7.964967064493538862e-02,1.128249332475084632e-05
8.948237023750268970e-02,2.427691492555990430e-05
1.005289101447232603e-01,5.020255746567110295e-05
1.129391381571866332e-01,9.982413027274706946e-05
1.268814006769335978e-01,1.909885184985694732e-04
1.425448263589051412e-01,3.518759787439835118e-04
1.601418916664301417e-01,6.248997582397759201e-04
1.799113031428553333e-01,1.071011137859314427e-03
2.021212354977167946e-01,1.774112101233111735e-03
2.270729694325258896e-01,2.845424363804758498e-03
2.551049785537616854e-01,4.428097782195405431e-03
2.865975208125910445e-01,6.703033305218550689e-03
3.219777967548111963e-01,9.897615925967747155e-03
3.617257445533632598e-01,1.429934928305316016e-02
4.063805504338082186e-01,2.027567695906042078e-02
4.565479628075576612e-01,2.829909735801462711e-02
5.129085093300529419e-01,3.897299665776523397e-02
5.762267283493881509e-01,5.304912821716731286e-02
6.473615399712076002e-01,7.142384592526808407e-02
7.272778974247632311e-01,9.509906244752791560e-02
8.170598767824696074e-01,1.250973233283213804e-01
9.179253825967482738e-01,1.623292142391860593e-01
1.031242668938096685e+00,2.074245869365175521e-01
1.158548899944469746e+00,2.605537271858149317e-01
1.301571001658303750e+00,3.212759391254166874e-01
1.462249088009145437e+00,3.884562346376089215e-01
1.642762778718470651e+00,4.602827414504290227e-01
1.845560766132583463e+00,5.343983025131043840e-01
2.073394032061649739e+00,6.081337583901079702e-01
2.329353165215711119e+00,6.788048732111776618e-01
2.616910285453700080e+00,7.440177553991472736e-01
2.939966143553497613e+00,8.019246374690180978e-01
3.302903035417698696e+00,8.513841739089706984e-01
3.710644248503383036e+00,8.920040797575894409e-01
4.168720846874620634e+00,9.240714742260908166e-01
4.683346700825936182e+00,9.483995054403843161e-01
5.261502778863538232e+00,9.661317405528169200e-01
5.911031845476362179e+00,9.785464726208864539e-01
6.640744849284789808e+00,9.868936618614502221e-01
7.460540444736607490e+00,9.922824377150372133e-01
8.381539268677865806e+00,9.956221582719266827e-01
9.416234793278331239e+00,9.976088391326394245e-01
1.057866280165168682e+01,9.987430035486488666e-01
1.188459178512981573e+01,9.993642867805481167e-01
1.335173684495568658e+01,9.996908056597832992e-01
1.500000000000000000e+01,9.998554226843724413e-01
